40.4947 -68.0332
40.6938 -67.1283
40.7822 -67.9377
40.8478 -67.3320
40.8948 -67.0192
41.1043 -66.6755
41.1328 -67.7357
41.2775 -66.7425
41.3148 -66.3188
41.3950 -66.4340
41.4905 -66.8535
41.5020 -66.1847
41.6317 -66.2947
41.6668 -66.6900
41.6693 -66.1782
41.6935 -66.9680
41.7607 -65.9837
41.8067 -66.3292
41.8112 -67.6858
41.8255 -66.7870
41.8717 -65.8853
41.8928 -67.2628
41.9597 -67.9860
41.9625 -66.7640
42.1043 -67.4982
42.1138 -67.0385
42.1772 -65.9458
42.2098 -66.6497
42.2643 -67.0988
42.2763 -65.8877
42.3368 -65.2613
42.3653 -67.2228
42.3970 -64.9000
42.4278 -66.8778
42.4323 -65.8023
42.4513 -65.8545
42.4682 -64.9893
42.5177 -65.6588
42.5538 -66.6733
42.5653 -65.8737
42.5933 -65.1282
42.5970 -66.0990
42.6128 -67.4073
42.6465 -64.6772
42.6877 -65.4293
42.7100 -66.2232
42.7148 -66.8617
42.7200 -66.1067
42.7287 -64.3462
42.7340 -65.5608
42.7758 -66.4532
42.8158 -63.7563
42.8603 -64.1335
42.8737 -66.9545
42.8962 -65.2185
42.9430 -66.7037
42.9502 -64.9095
42.9525 -64.7082
43.0692 -67.5247
43.0790 -63.8973
43.0830 -67.3335
43.0900 -64.2098
43.1175 -64.0912
43.1735 -67.4582
43.1737 -63.6197
43.2393 -64.0332
43.2655 -65.1082
43.3398 -67.5278
43.3882 -65.0448
43.4203 -64.4120
43.4433 -64.5933
43.4588 -64.7640
43.4623 -63.9205
43.5515 -63.8203
43.7275 -67.1022
43.7303 -64.3042
43.7387 -64.1693
43.8798 -62.8865
43.9090 -67.3492
43.9553 -63.9173
43.9905 -63.4147
44.2688 -63.3208
44.2695 -63.3217
44.2715 -63.3253
44.2728 -63.3243
44.4010 -63.4523
