40.3677 -67.8053
40.4943 -68.1658
40.7003 -68.8340
40.7208 -67.9063
40.7467 -66.8232
40.8050 -67.6202
40.8612 -67.3813
40.8703 -68.7290
40.9102 -67.2353
41.0857 -66.8510
41.1133 -67.8760
41.1760 -68.7470
41.1882 -68.3593
41.2262 -66.6805
41.3850 -68.7692
41.4213 -69.0760
41.4435 -67.0955
41.4633 -66.2568
41.5453 -66.6005
41.5463 -67.2032
41.6085 -68.4210
41.6245 -65.9445
41.6870 -66.9067
41.7467 -68.0748
41.7510 -66.6747
41.7818 -66.2637
41.7897 -65.7520
41.8417 -67.4035
41.8738 -66.0090
41.8852 -66.3900
41.8885 -66.8403
41.8928 -67.6557
41.9592 -65.8032
41.9938 -66.6407
42.0150 -67.7450
42.0710 -66.2908
42.0935 -66.7918
42.1183 -67.0927
42.2022 -66.0353
42.2185 -66.5270
42.2627 -67.1552
42.3118 -65.4887
42.3415 -66.7442
42.4747 -65.2652
42.5067 -65.6695
42.5295 -66.5275
42.6118 -65.9682
42.6278 -66.3070
42.6397 -66.6512
42.6480 -66.8510
42.6822 -66.0940
42.6927 -64.5960
42.7655 -63.4878
42.7958 -65.9795
42.8085 -63.7590
42.8403 -64.6915
42.8583 -64.0348
42.8722 -66.7200
42.8805 -63.7895
42.9045 -64.6627
42.9187 -67.5462
42.9308 -64.3443
42.9935 -64.6627
43.0468 -64.1822
43.1475 -64.1782
43.1552 -64.6763
43.2080 -67.4432
43.2828 -64.1087
43.3038 -65.2198
43.3092 -67.1127
43.3452 -64.7560
43.4560 -63.9835
43.4765 -63.4782
43.5398 -63.5915
43.6183 -64.3568
43.7878 -67.2467
44.0300 -63.4682
44.0317 -63.6532
44.0877 -66.9100
44.2540 -63.3275
44.2608 -63.3287
44.2707 -63.3190
44.7252 -66.6445
44.7398 -66.1110
44.7638 -66.0472
44.7758 -65.9032
44.8087 -65.7828
44.8457 -66.7437
44.8938 -65.6587
44.9092 -66.6950
44.9152 -65.8875
44.9268 -66.0720
44.9702 -66.7500
44.9992 -66.7315
45.0555 -65.9635
45.0640 -66.3417
45.2005 -65.7545
45.3960 -65.1853
