40.2467 -67.7000
40.3317 -67.9983
40.3750 -67.7033
40.5000 -67.2517
40.5100 -68.4150
40.5917 -68.6783
40.6683 -68.4267
40.6733 -68.7467
40.7500 -68.0117
40.8283 -68.5083
40.8383 -67.8333
40.8967 -69.1600
40.9083 -66.8433
40.9317 -67.7100
41.0800 -66.5900
41.1650 -68.0000
41.2467 -68.1667
41.2483 -68.2550
41.2500 -66.4183
41.3450 -67.2567
41.3617 -67.5133
41.4117 -66.0867
41.4150 -68.4983
41.4733 -67.6867
41.4750 -67.6833
41.4967 -66.8333
41.6550 -66.0150
41.6617 -66.5000
41.7550 -65.4350
41.8267 -66.0150
41.8267 -66.0067
41.8317 -65.7533
41.9883 -68.0933
41.9883 -67.5800
42.0033 -67.6867
42.0833 -66.9183
42.0850 -67.5850
42.2267 -65.7750
42.2300 -65.7783
42.2500 -70.0150
42.3717 -67.0433
42.3750 -67.0567
42.3750 -67.0533
42.3750 -67.0450
42.4217 -66.7367
42.4250 -66.7433
42.4983 -69.6633
42.4983 -65.9283
42.5050 -69.6667
42.6933 -67.7033
42.7083 -67.7133
42.7483 -69.4967
42.7533 -69.4983
42.8267 -69.4050
42.8317 -69.1600
42.8317 -66.9983
42.9200 -68.7467
43.0250 -66.3300
43.0267 -66.3417
43.4017 -67.6983
43.4167 -67.6850
43.4933 -68.5817
43.7700 -68.6667
44.0000 -68.2567
44.1900 -67.7017
44.1950 -67.7117
44.1967 -67.7000
