42.2548 -66.2812
42.2902 -67.0302
42.104 -66.9963
42.1265 -66.5762
41.9742 -66.4215
41.8313 -66.3135
41.937 -66.122
42.0937 -66.0585
41.8415 -65.8888
41.7133 -65.8113
41.7447 -66.2
41.5473 -66.1712
41.3145 -66.1938
41.5203 -66.6582
41.4363 -66.908
41.106 -66.9613
41.3488 -67.2968
41.7577 -66.879
41.973 -67.7168
42.0192 -67.2038
41.8625 -66.6643
41.9758 -66.8733
41.8372 -67.8038
41.8883 -68.0687
41.7648 -68.112
41.6982 -68.6778
41.4437 -68.4152
41.1908 -68.3775
41.6842 -69.0655
41.7617 -69.3827
41.5612 -69.6003
41.1458 -69.3423
41.3692 -68.922
41.1643 -68.8242
40.8918 -68.6625
40.8057 -68.9362
40.5393 -68.8483
40.399 -68.3817
40.7982 -67.9475
41.4045 -67.7948
41.071 -67.1837
40.9645 -66.7977
40.9698 -66.595
41.428 -66.4393
41.424 -66.2818
41.7137 -66.4978
41.7993 -66.4485
43.8837 -63.7315
44.0452 -63.857
44.1772 -63.806
44.2673 -63.3182
42.2672 -65.5013
42.4393 -65.3052
42.7453 -64.8293
42.7835 -64.6178
42.5483 -64.596
42.6252 -64.4318
42.7242 -64.1847
42.7073 -64.1025
42.808 -63.9405
42.9668 -63.4645
44.265 -63.3198
43.7083 -63.832
43.7945 -64.0117
43.8877 -64.1385
43.6355 -64.5783
43.3613 -64.5853
43.3523 -64.8628
43.0608 -64.7145
42.9778 -64.6832
43.0015 -65.0495
42.674 -65.3132
42.7097 -65.4212
42.5295 -65.6933
42.3867 -65.5952
42.2962 -65.7925
42.51 -65.8857
42.5235 -66.2322
42.6017 -66.196
42.7853 -66.1247
42.6233 -66.422
42.7305 -66.8597
42.6193 -66.7643
42.4603 -67.3355
42.4893 -67.4088
42.7385 -67.5523
42.8612 -67.5985
43.0153 -67.4185
42.9788 -67.076
43.2932 -66.796
43.4107 -67.1513
43.7035 -66.9452
43.9852 -67.2108
44.3917 -67.0132
44.8517 -66.7965
44.0938 -66.7583
42.871 -65.6113
42.799 -65.7192
42.8717 -64.4578
42.9857 -64.1572
43.059 -64.272
43.177 -64.2393
43.0807 -64.1295
43.2513 -63.5592
43.1642 -63.0978
43.2283 -62.7475
43.5812 -62.453
43.6502 -62.5777
43.528 -62.8807
43.7758 -62.7403
43.8615 -62.682
44.0208 -62.5147
43.8478 -63.1558
44.0645 -63.1262
44.266 -63.3163
