40.5091 -69.7510
40.7771 -69.8322
40.8440 -67.2867
40.8493 -69.2269
40.9167 -67.6955
41.1083 -67.0195
41.1532 -66.6453
41.1695 -67.9382
41.1993 -69.1962
41.3528 -66.3947
41.3747 -67.0658
41.4438 -66.5503
41.4468 -67.4030
41.5748 -66.3373
41.6142 -66.6278
41.6602 -66.8882
41.7467 -65.8945
41.7468 -67.5080
41.7703 -66.1337
41.7802 -66.5932
41.7808 -68.0555
41.9173 -66.8282
41.9207 -66.1507
41.9308 -66.3277
41.9627 -66.4790
41.9815 -65.9020
42.0158 -67.5958
42.0293 -66.8817
42.0500 -66.0735
42.0682 -66.5240
42.0858 -66.1340
42.1105 -68.9813
42.1263 -66.5540
42.1372 -66.9880
42.2052 -66.2807
42.2508 -67.0782
42.3323 -66.5360
42.4198 -65.6617
42.5123 -65.5440
42.6245 -65.4677
43.2638 -65.0307
43.5425 -64.2457
44.0647 -63.8453
44.2543 -63.7655
44.2722 -63.3227
44.2728 -63.3265
44.2742 -63.3203
