40.2083 -69.2238
40.3470 -69.1590
40.3495 -67.9935
40.5535 -67.7597
40.6778 -69.4387
40.7728 -68.2447
40.8382 -67.2705
40.8467 -67.7482
41.0745 -66.5052
41.0952 -66.8082
41.1352 -68.7268
41.2540 -66.9150
41.2545 -67.4790
41.2602 -69.1773
41.3945 -66.1418
41.4148 -66.9048
41.4358 -67.4507
41.4547 -66.4882
41.5018 -66.3132
41.5892 -66.9955
41.5910 -69.6003
41.6062 -66.5762
41.6882 -68.8112
41.6988 -66.0282
41.7455 -67.5170
41.7522 -68.2688
41.7595 -66.1967
41.7642 -69.7468
41.8032 -66.7863
41.8080 -66.4687
41.8498 -67.7528
41.8602 -65.8410
41.8988 -67.9982
41.9268 -66.6772
41.9450 -65.7785
41.9537 -66.2477
41.9898 -66.0028
42.0130 -67.2650
42.0287 -67.6627
42.0490 -66.5432
42.0503 -66.8850
42.0703 -66.9808
42.0773 -68.3955
42.1058 -69.9437
42.1528 -67.0718
42.1705 -66.1003
42.2332 -66.9697
42.2525 -65.5557
42.3953 -66.9233
42.4070 -66.4577
42.4335 -65.8562
42.4372 -65.3425
42.4627 -67.1185
42.4647 -65.7123
42.4732 -67.3678
42.4837 -65.8557
42.4958 -64.7802
42.5373 -64.5367
42.5555 -66.3638
42.6217 -66.2068
42.6238 -65.3263
42.6508 -67.3417
42.6675 -64.4847
42.6870 -66.2840
42.6950 -64.4547
42.7253 -64.2568
42.7327 -66.5923
42.7577 -64.9243
42.8385 -63.6003
42.8427 -65.8898
42.8542 -65.7668
42.8775 -64.0490
42.9070 -67.1240
42.9177 -64.6443
42.9267 -64.8343
42.9497 -64.5797
42.9527 -67.2775
43.0318 -63.6148
43.0758 -63.9508
43.0963 -66.9533
43.1923 -67.3960
43.2097 -63.4697
43.2330 -64.2135
43.2347 -63.9680
43.2473 -64.8367
43.2920 -67.4523
43.3623 -64.3513
43.3858 -66.8625
43.3933 -64.9712
43.4508 -64.7890
43.5625 -66.5903
43.6302 -66.9352
43.6343 -66.7552
43.6467 -67.3880
43.7515 -67.1223
43.8040 -64.0690
43.8110 -63.9190
44.1002 -66.9967
44.1348 -63.4432
44.1808 -63.4807
44.2680 -63.3183
44.2717 -63.3240
44.2725 -66.6455
44.2735 -63.3233
44.6937 -63.6420
44.7040 -65.9798
44.8007 -66.4200
44.8438 -65.8810
44.8627 -66.0930
44.9252 -66.5498
44.9735 -66.1512
44.9982 -65.6648
45.0377 -65.3225
45.0645 -66.1005
45.0647 -66.3323
45.1103 -65.6625
45.2288 -65.6368
