40.0660 -69.3703
40.3758 -68.3955
40.5352 -67.7747
40.5775 -69.9342
40.5960 -68.1767
40.7628 -67.5440
40.8228 -69.4505
40.8680 -67.8380
40.9812 -67.1707
41.1318 -68.0245
41.1378 -68.7072
41.2903 -68.5450
41.3153 -67.7525
41.3895 -66.4640
41.4243 -68.1652
41.4273 -66.2582
41.5072 -66.3025
41.5103 -69.1315
41.5333 -68.4017
41.5743 -68.6673
41.5955 -66.8205
41.6310 -66.6057
41.7152 -67.1610
41.7157 -66.5643
41.7365 -65.7792
41.7415 -66.2002
41.7465 -67.9970
41.7503 -69.4570
41.7582 -66.3465
41.7950 -66.8015
41.8220 -68.1480
41.8292 -66.6372
41.8418 -66.3348
41.8525 -66.1057
41.8913 -66.7490
41.9340 -69.8707
41.9412 -67.2048
41.9593 -66.1515
42.0265 -66.8025
42.0295 -66.4075
42.0502 -66.8622
42.0547 -66.5085
42.0565 -66.2962
42.0655 -67.7175
42.0773 -68.8800
42.1123 -66.9922
42.1393 -66.2605
42.1403 -66.6528
42.1733 -67.2933
42.1772 -68.5543
42.2297 -69.0093
42.2472 -66.9508
42.5637 -65.9803
43.2542 -65.2385
44.2680 -63.3243
44.2713 -63.3213
