40.4931 -68.6565
40.5261 -69.4733
40.5934 -67.1771
40.9288 -66.8327
40.9771 -68.0017
41.0900 -68.1661
41.2344 -69.3878
41.3264 -66.7510
41.3526 -67.5088
41.3831 -68.6589
41.3892 -66.3785
41.4179 -66.0431
41.5416 -66.3449
41.5867 -66.7901
41.6131 -65.9398
41.6410 -66.0970
41.6641 -66.5643
41.6989 -66.9857
41.7019 -66.6590
41.7169 -66.2250
41.7851 -69.5760
41.8189 -66.4937
41.8477 -66.2664
41.8550 -66.4433
41.9701 -66.2672
41.9892 -66.3128
42.0147 -66.0361
42.0295 -68.9364
42.0696 -66.7706
42.0753 -67.7280
42.1119 -66.1055
42.1342 -66.8113
42.1524 -66.2543
42.2699 -66.0076
42.3790 -66.1839
42.4727 -65.6039
42.4807 -65.7297
42.5016 -65.9357
42.6663 -65.3604
42.7966 -65.4893
42.8077 -65.5665
43.2525 -65.2580
43.5962 -67.4429
43.5987 -66.7618
43.7043 -67.4179
43.7618 -67.0601
43.8284 -66.9497
43.8855 -67.0228
44.0660 -66.9235
44.1173 -67.2513
44.2707 -63.3160
44.3280 -67.1048
44.8860 -66.7743
44.9058 -66.6186
44.9083 -65.9819
44.9439 -66.0501
44.9494 -66.8524
45.0623 -66.3270
45.1925 -65.5406
45.2053 -65.0743
45.3084 -65.3579
