           1               1       0.011642623       0.009035644                       3
           1               2       0.005487814       0.004471531                       1
           1               3               -99               -99                       0
           1               4               -99               -99                       0
           1               5       0.029988235       0.029341113                       3
           1               6       0.034748747       0.050111493                       3
           1               7       0.046972063       0.082337329                      27
           1               8       0.053496916       0.094583676                       8
           1               9       0.052845419       0.076847628                       5
           1              10       0.026051665       0.027606352                       3
           1              11       0.025745237       0.024933718                       4
           1              12       0.011548567       0.009689184                       1
           2               1       0.012974784        0.00999482                       2
           2               2       0.010430797        0.00762085                       3
           2               3       0.005675532       0.005694712                       1
           2               4       0.013293502       0.011128461                       8
           2               5       0.014772762       0.014772719                       1
           2               6       0.028063278       0.042505614                       1
           2               7       0.032879511       0.065263089                      18
           2               8        0.04106508       0.081061363                       9
           2               9       0.047994493       0.067157241                       1
           2              10               -99               -99                       0
           2              11       0.018639804       0.018904239                       2
           2              12       0.021603406       0.019657193                       2
           3               1       0.009556205       0.007501059                       2
           3               2       0.003915134       0.003552773                       4
           3               3       0.003620409       0.002890449                      18
           3               4       0.009104047       0.008196538                      12
           3               5       0.007476728       0.006866983                       3
           3               6               -99               -99                       0
           3               7       0.029337298       0.064010287                      25
           3               8         0.0304645       0.070990728                       7
           3               9       0.039792107       0.085553691                       2
           3              10       0.037923139       0.059936952                       6
           3              11       0.023638747       0.029754948                       5
           3              12       0.016055727       0.017145552                       1
           4               1       0.001733328       0.001033312                       1
           4               2       0.006636359       0.004272721                       1
           4               3        0.00356349       0.002659142                      24
           4               4       0.006235287        0.00570511                      14
           4               5       0.008822278       0.010364825                       3
           4               6        0.01916502       0.028863233                       5
           4               7       0.025679749       0.058534141                      30
           4               8       0.035531788       0.078713458                       5
           4               9       0.030612005       0.070241167                       7
           4              10       0.030061779       0.052358376                      15
           4              11       0.025673987       0.028422131                       8
           4              12       0.008138706       0.008046722                       2
           5               1       0.006872658        0.00532974                       3
           5               2       0.005891944       0.004521535                       5
           5               3       0.004027524       0.003160896                      22
           5               4       0.008991561        0.00804088                      13
           5               5       0.014501538       0.014746502                       4
           5               6       0.025027767       0.038600435                       4
           5               7       0.031201166       0.064947464                      29
           5               8        0.03787883        0.08203461                       1
           5               9        0.04378088       0.085362151                       7
           5              10       0.037134519       0.055889657                      14
           5              11       0.035814333       0.040485642                       7
           5              12       0.014604599       0.013778147                       3
           6               1       0.012392217       0.009670237                       2
           6               2       0.006837439       0.005271451                       4
           6               3        0.00567644        0.00454166                      12
           6               4       0.014739586        0.01248494                      13
           6               5       0.019700003       0.019594807                       2
           6               6       0.025880025       0.039193354                       3
           6               7       0.038917874       0.071065678                      25
           6               8       0.044251176       0.082228705                       5
           6               9       0.051532145         0.0829887                       5
           6              10       0.035426129       0.047160037                      12
           6              11       0.025347436       0.025803252                       8
           6              12       0.008102877       0.006400006                       2
           7               1       0.006664925       0.004476593                       1
           7               2       0.005266622       0.003623086                       4
           7               3        0.00649465       0.004901666                      20
           7               4       0.008227281       0.007058101                       6
           7               5       0.026626329       0.027125522                       2
           7               6       0.023148428       0.033123134                       3
           7               7       0.026877471       0.061389842                      29
           7               8       0.037703921       0.078848686                       5
           7               9       0.039602094       0.078854388                       3
           7              10       0.036159963       0.056270728                      10
           7              11       0.026509987       0.027308556                       4
           7              12               -99               -99                       0
           8               1       0.004216849       0.002409655                       1
           8               2               -99               -99                       0
           8               3       0.003394096       0.002481112                      22
           8               4       0.009226264       0.007125008                      14
           8               5       0.018597947       0.014689344                       1
           8               6       0.015999865       0.025999196                       4
           8               7       0.026759577       0.059906093                      24
           8               8       0.034156137        0.07640166                       7
           8               9       0.056687258       0.096014347                       1
           8              10       0.031101052       0.052776696                      15
           8              11       0.025717691       0.032100257                       5
           8              12               -99               -99                       0
           9               1       0.007058702       0.005246989                       2
           9               2       0.005109937       0.003626364                       2
           9               3       0.004060682       0.003015961                      25
           9               4       0.004289922       0.003744102                      11
           9               5       0.008239823        0.01159611                       6
           9               6       0.016076534       0.030020822                       3
           9               7       0.020555262       0.051371802                      29
           9               8       0.026579774       0.072470829                       7
           9               9        0.01571443       0.043666428                       2
           9              10       0.029215683       0.046237424                      11
           9              11       0.022195921       0.025096351                       4
           9              12       0.003779794       0.002538399                       2
          10               1       0.005833308       0.004375001                       2
          10               2       0.004614025       0.002885363                       3
          10               3        0.00443306       0.003109963                      25
          10               4       0.010801441       0.007255501                      17
          10               5       0.008044923       0.010171217                       8
          10               6       0.016035503       0.029134829                      13
          10               7       0.021116513       0.054578548                      30
          10               8       0.026171721        0.06907442                       9
          10               9       0.024343774        0.06362456                      12
          10              10       0.025485161       0.044900627                      20
          10              11       0.018329084       0.019873204                      10
          10              12       0.008396332       0.006477366                       4
          11               1       0.008875013       0.004375005                       1
          11               2       0.005918386       0.002653083                       1
          11               3       0.009563196       0.004917837                      23
          11               4       0.012671014       0.009089121                      14
          11               5       0.011285521       0.014263803                       6
          11               6       0.026880207       0.037849378                      12
          11               7       0.030786201       0.060240845                      29
          11               8       0.039085888       0.080238257                       5
          11               9       0.033995597       0.073734166                      11
          11              10       0.026021104       0.044670705                      18
          11              11       0.031916262       0.032567486                       9
          11              12       0.005618416       0.003463322                       3
          12               1        0.01099419       0.007744234                       1
          12               2       0.014570928       0.009242575                       8
          12               3        0.00862828        0.00545586                      24
          12               4        0.01109669       0.008898202                      19
          12               5       0.014573675       0.018465678                      11
          12               6       0.026195967       0.041300211                      15
          12               7       0.028998376       0.062079879                      28
          12               8       0.037287308       0.081528177                      10
          12               9       0.034654007       0.074092499                      13
          12              10       0.031774802       0.052150001                      22
          12              11       0.036574614       0.037926169                      10
          12              12       0.014381056       0.011565223                       6
          13               1               -99               -99                       0
          13               2        0.01104541       0.007258886                       1
          13               3       0.009142564       0.006867738                       8
          13               4       0.015469258       0.013602921                       8
          13               5       0.019450668       0.021338713                       3
          13               6       0.018815575       0.038321334                       3
          13               7       0.031242641       0.063776084                      19
          13               8       0.049999993       0.076041661                       1
          13               9        0.04632616       0.083900668                       7
          13              10       0.032085697       0.042331441                       5
          13              11       0.021682772       0.024650514                       4
          13              12       0.002106023       0.001665358                       1
          14               1       0.007134244       0.004709232                      11
          14               2       0.007993708       0.005442221                      15
          14               3       0.008762099       0.006481793                      15
          14               4       0.013073358       0.011157211                      18
          14               5       0.017815175       0.020449702                      14
          14               6       0.023013308       0.038402785                      17
          14               7       0.027140549       0.054272541                      21
          14               8       0.033185167       0.078080861                      14
          14               9       0.043300173       0.078737081                      15
          14              10       0.031171957       0.045605341                      19
          14              11       0.030610792       0.033095389                      15
          14              12       0.014449754       0.011637952                      11
          15               1       0.011250019       0.005749988                       1
          15               2       0.009077179       0.005744489                       3
          15               3       0.004517272       0.003493751                       5
          15               4       0.010163698       0.008212491                       6
          15               5       0.021711918       0.021503145                       1
          15               6       0.018774447       0.034888766                       3
          15               7       0.028665296       0.055729349                      26
          15               8       0.030889422       0.067461696                       4
          15               9       0.042270942       0.074334511                       5
          15              10       0.034706027        0.04662317                       7
          15              11               -99               -99                       0
          15              12               -99               -99                       0
          16               1       0.030234159       0.015089973                       2
          16               2       0.007187486       0.004895826                       1
          16               3       0.014751894       0.007796122                      14
          16               4       0.021606456       0.012943789                       2
          16               5               -99               -99                       0
          16               6       0.037329869       0.045777713                       6
          16               7       0.031250097       0.059658735                      20
          16               8        0.04225361       0.090945266                       3
          16               9        0.03355718       0.074130026                       3
          16              10       0.024023222        0.04535766                       7
          16              11       0.021405342       0.022313464                       2
          16              12        0.01948621       0.011300349                       3
          17               1               -99               -99                       0
          17               2       0.007844712       0.004660792                       3
          17               3       0.009080328       0.006329044                       3
          17               4       0.009156426       0.007318178                       8
          17               5       0.014333164       0.019686405                       2
          17               6       0.031892193       0.045587302                       3
          17               7       0.024108536       0.053341345                      25
          17               8       0.042799987       0.085800022                       1
          17               9       0.037398379       0.073373958                       1
          17              10       0.019130774       0.037713935                       8
          17              11       0.013970852       0.022530041                       1
          17              12               -99               -99                       0
          18               1       0.034439869       0.017219916                       1
          18               2       0.005013582       0.002597012                       2
          18               3       0.003472733       0.002319756                       3
          18               4       0.009586153       0.007643095                       3
          18               5       0.013900597       0.015910585                       4
          18               6       0.020373978        0.03441752                       5
          18               7       0.023962703       0.049581895                      28
          18               8       0.018894588       0.054086159                       7
          18               9       0.031941549       0.058147416                       4
          18              10       0.028317522       0.040021104                       5
          18              11               -99               -99                       0
          18              12       0.019347812       0.021956548                       1
          19               1      -0.000200808       0.000602385                       1
          19               2       0.004612711       0.002971975                       2
          19               3        0.00381616       0.003394366                       3
          19               4       0.010004639       0.007658452                       7
          19               5       0.014630618       0.016782498                       2
          19               6        0.02069196       0.032704926                       3
          19               7       0.021292285       0.048182844                      25
          19               8               -99               -99                       0
          19               9               -99               -99                       0
          19              10       0.027702182       0.043982686                       9
          19              11       0.030042538       0.036369181                       3
          19              12               -99               -99                       0
          20               1               -99               -99                       0
          20               2       0.006366567       0.003926084                       4
          20               3       0.005560001        0.00484806                       5
          20               4       0.006996551       0.006005618                      15
          20               5       0.012990843        0.01381173                       4
          20               6       0.018963815       0.028545994                       5
          20               7       0.021554167       0.046082572                       5
          20               8       0.014582149       0.046493676                       3
          20               9       0.038338276       0.072978746                       1
          20              10        0.02121166       0.034380391                      23
          20              11       0.022171096       0.024991441                       8
          20              12               -99               -99                       0
          21               1               -99               -99                       0
          21               2       0.005869114        0.00332827                       6
          21               3       0.002181777       0.001849026                       5
          21               4        0.00864758       0.007260334                      15
          21               5       0.009664343       0.011463505                       5
          21               6        0.01620141       0.026233118                       8
          21               7       0.015952846       0.037652796                      19
          21               8       0.019067865       0.046515975                       8
          21               9       0.022388705       0.055198141                       4
          21              10        0.02482762       0.036634542                      19
          21              11       0.028343908         0.0314187                       8
          21              12       0.003004455       0.002082231                       1
          22               1       0.010681373       0.006666852                       8
          22               2       0.010381136       0.006236201                      10
          22               3       0.011119702       0.006688607                       8
          22               4       0.015525619       0.011019406                      17
          22               5       0.012903713       0.011569248                       6
          22               6       0.019639234       0.023754026                      19
          22               7       0.018630654       0.034327915                      29
          22               8       0.014433452       0.033512954                      13
          22               9       0.019092888       0.034077269                       9
          22              10       0.019853145       0.026947268                      19
          22              11       0.022005157       0.021257183                      18
          22              12       0.017634817       0.013137819                       7
          23               1       0.012935954       0.008269715                       6
          23               2       0.010509738       0.006100723                       7
          23               3       0.006559586       0.004706124                       5
          23               4       0.006175279       0.004502787                       7
          23               5       0.012354468       0.011110504                       5
          23               6       0.010656236        0.01339732                      15
          23               7       0.012990136       0.026513234                      14
          23               8       0.009756368       0.017628464                      11
          23               9       0.017568907       0.028388944                       6
          23              10       0.011450526       0.016261727                       9
          23              11       0.018438249       0.014320407                      15
          23              12       0.017802944       0.011927654                       5
          24               1       0.002347907       0.001381366                       7
          24               2       0.002282523       0.001376932                       8
          24               3        0.00226925       0.001998176                       5
          24               4       0.004395745       0.003330649                      19
          24               5       0.004820911       0.004727926                       5
          24               6       0.005736014       0.006335058                      14
          24               7       0.005119135        0.00846199                      25
          24               8       0.008040957       0.013056877                      12
          24               9       0.015075322       0.022412293                       6
          24              10       0.009230242       0.009467806                      24
          24              11       0.006378543       0.005293741                      21
          24              12       0.005289969       0.003285767                       5
          25               1       0.004823792       0.002786885                       7
          25               2       0.008751575       0.005010548                       5
          25               3       0.007526868       0.005327935                       5
          25               4       0.008191948       0.006079967                      23
          25               5       0.008067325        0.00817403                       8
          25               6       0.011008206       0.015740745                      19
          25               7        0.01366804       0.024937923                      24
          25               8       0.011117636       0.019829282                      17
          25               9       0.014551111       0.024718966                      10
          25              10       0.008812422       0.009807357                      24
          25              11       0.009228598       0.007780494                      23
          25              12       0.005012507       0.003137474                       5
          26               1        0.00679116       0.003914359                      11
          26               2       0.008018534       0.004232679                      15
          26               3       0.006923607       0.003885136                      10
          26               4          0.008975       0.006959363                      25
          26               5       0.010923092       0.012696586                      12
          26               6       0.013912852       0.024648517                      23
          26               7       0.019953892       0.041746688                      29
          26               8       0.017280321       0.046650678                      20
          26               9       0.015323243       0.037704641                      15
          26              10       0.009416137       0.022578043                      23
          26              11       0.009223839       0.009396442                      22
          26              12       0.005399439       0.004274735                       7
          27               1       0.000505246       0.000372316                      12
          27               2       0.001195699        0.00084443                      22
          27               3       0.000539246       0.000612461                      17
          27               4       0.001107945        0.00085649                      25
          27               5       0.000403189       0.001064015                      13
          27               6        0.00208874       0.005821838                      23
          27               7       0.004481226       0.019810697                      11
          27               8       0.004860906       0.016745473                      20
          27               9       0.002145307       0.008947519                      12
          27              10       0.001731404       0.005474507                      21
          27              11       0.000505363       0.001027939                      20
          27              12       0.005158097       0.004207798                       8
          28               1        0.00333317        0.00185878                      16
          28               2       0.007246502       0.004111993                      26
          28               3       0.005038494       0.003246646                      20
          28               4       0.006112686       0.004205885                      26
          28               5       0.005358992       0.007058545                      15
          28               6       0.006409039        0.01155433                      25
          28               7       0.008013513       0.028885531                      12
          28               8       0.009817868       0.032352363                      23
          28               9       0.007967077       0.025448537                      15
          28              10       0.007448706       0.017342894                      23
          28              11       0.004097659       0.005254623                      21
          28              12       0.005828687       0.004294993                      13
          29               1       0.014710646       0.007797773                       9
          29               2       0.017208422       0.009167698                      18
          29               3       0.015608003       0.009370713                       9
          29               4       0.016048421       0.010393516                      24
          29               5       0.018306701       0.016656012                      15
          29               6       0.019773758        0.02550049                      18
          29               7       0.022586547       0.042831274                      16
          29               8        0.02094885        0.05059597                      17
          29               9       0.015741457       0.037386506                      16
          29              10       0.014375368       0.024800171                      22
          29              11       0.013128074       0.012511988                      17
          29              12       0.016514782       0.010071441                       5
