       1       1     0.236905        3    0.628249         3  30.570880        3  31.136900         3   24.519260           3    24.958512            3
       1       2    -1.000000        1   -1.230000         1  31.230000        1  31.500000         1   25.100000           1    25.320000            1
       1       5     3.923333        3    0.568333         3  29.865833        3  31.246666         3   23.704167           3    25.049167            3
       1       6    10.943067        3    1.603133         3  29.676966        3  31.368567         3   22.639017           3    25.070450            3
       1       7    16.575251       27    1.947121        27  29.511524       27  31.795075        27   21.387407          27    25.391740           27
       1       8    17.886250        8    1.404792         8  29.350208        8  31.943542         8   20.970834           8    25.553542            8
       1       9    15.166342        5    3.687562         5  28.862147        5  31.413063         5   21.202667           5    24.914192            5
       1      10    11.870000        3    9.510000         3  29.128333        3  30.368333         3   22.046667           3    23.378333            3
       1      11     6.802500        4    5.022500         4  30.201667        4  31.374583         4   23.657083           4    24.790417            4
       1      12     5.346000        1    5.106000         1  30.316000        1  30.850000         1   23.927999           1    24.376000            1
       2       1     0.733599        2    1.118077         2  31.255659        2  31.882390         2   25.048159           2    25.530879            2
       2       2    -0.573333        3    0.275000         3  31.725000        3  32.218334         3   25.486666           3    25.846667            3
       2       3    -0.737692        1   -0.416923         1  32.031154        1  32.308077         1   25.738462           1    25.950769            1
       2       4     0.918525        8    0.384312         8  31.580275        8  32.208612         8   25.297725           8    25.823875            8
       2       5     2.090000        1   -0.100000         1  31.590000        1  32.240002         1   25.230000           1    25.879999            1
       2       6     9.780050        1    0.634875         1  30.709000        1  32.084101         1   23.636425           1    25.719200            1
       2       7    14.724416       18    1.353641        18  30.657193       18  32.235246        18   22.662921          18    25.796558           18
       2       8    16.951510        9    1.179567         9  30.134949        9  32.124890         9   21.789460           9    25.718645            9
       2       9    12.646667        1    0.990000         1  29.726667        1  32.116666         1   22.380000           1    25.726667            1
       2      11     6.505000        2    4.862500         2  31.400000        2  32.295000         2   24.632500           2    25.542500            2
       2      12     4.148750        2    2.817500         2  31.168750        2  32.175000         2   24.721251           2    25.637500            2
       3       1     1.171750        2    1.331250         2  31.441500        2  31.896500         2   25.173750           2    25.530750            2
       3       2     0.083750        4    0.604236         4  32.133056        4  32.309931         4   25.783264           4    25.888333            4
       3       3     0.133211       18    0.214164        18  32.036008       18  32.210777        18   25.701516          18    25.839601           18
       3       4     1.888260       12    1.234780        12  32.046533       12  32.472812        12   25.607141          12    25.991968           12
       3       5     1.894267        3    1.292067         3  31.974899        3  32.316934         3   25.553867           3    25.868033            3
       3       7    15.258326       25    1.657325        25  30.918474       25  32.338575        25   22.759314          25    25.857171           25
       3       8    16.953258        7    2.473875         7  31.097372        7  32.572129         7   22.521482           7    25.958556            7
       3       9    17.268450        2    2.923600         2  30.682600        2  32.394550         2   22.120850           2    25.808650            2
       3      10    12.199283        6    2.316500         6  30.560016        6  32.218084         6   23.102216           6    25.718200            6
       3      11     7.445620        5    2.884040         5  31.246540        5  32.309660         5   24.385700           5    25.718800            5
       3      12     4.637500        1    2.320000         1  31.235000        1  31.997501         1   24.727500           1    25.542500            1
       4       1     1.446667        1    1.723333         1  31.783333        1  31.856667         1   25.430000           1    25.473333            1
       4       2     0.850000        1    1.755000         1  31.865000        1  32.230000         1   25.535000           1    25.770000            1
       4       3     0.625846       24    0.780885        24  32.041469       24  32.215993        24   25.682011          24    25.812005           24
       4       4     1.913410       14    1.384303        14  32.072359       14  32.361727        14   25.627208          14    25.892155           14
       4       5     3.345500        3    1.367333         3  32.032984        3  32.431434         3   25.486117           3    25.952750            3
       4       6     8.171347        5    2.536307         5  31.450513        5  32.366787         5   24.442433           5    25.817380            5
       4       7    15.138328       30    2.923721        30  31.213545       30  32.453774        30   23.011031          30    25.842667           30
       4       8    17.835285        5    3.020613         5  31.051129        5  32.744484         5   22.279108           5    26.025414            5
       4       9    16.371648        7    3.744394         7  30.794619        7  32.154188         7   22.419795           7    25.516857            7
       4      10    13.144015       15    3.963774        15  30.979087       15  32.388539        15   23.235476          15    25.690614           15
       4      11     8.411435        8    5.192688         8  31.325316        8  32.518131         8   24.317559           8    25.635967            8
       4      12     4.374500        2    3.641500         2  31.795000        2  32.158500         2   25.199000           2    25.558500            2
       5       1     0.765919        3    0.964231         3  31.378098        3  31.708120         3   25.144509           3    25.400641            3
       5       2    -0.512218        5   -0.233312         5  31.414638        5  31.679990         5   25.222824           5    25.426005            5
       5       3     0.032917       22    0.140794        22  31.622720       22  31.814059        22   25.372581          22    25.522534           22
       5       4     1.111569       13    0.453479        13  31.454730       13  31.864365        13   25.182193          13    25.549079           13
       5       5     2.404132        4    0.233167         4  31.289700        4  31.921308         4   24.959376           4    25.603569            4
       5       6     9.432026        4    1.669532         4  30.770219        4  31.951477         4   23.730369           4    25.549917            4
       5       7    15.225229       29    1.746117        29  30.626752       29  32.149805        29   22.536097          29    25.698774           29
       5       8    17.280001        1    1.840000         1  30.719999        1  32.470001         1   22.170000           1    25.959999            1
       5       9    16.947711        7    1.946664         7  29.930486        7  31.933865         7   21.626446           7    25.516936            7
       5      10    12.323216       14    3.295352        14  30.266668       14  31.996469        14   22.841809          14    25.446840           14
       5      11     8.556867        7    3.689576         7  30.223796        7  31.902043         7   23.438745           7    25.334147            7
       5      12     4.351333        3    3.148333         3  31.076000        3  31.763334         3   24.630667           3    25.282334            3
       6       1     0.741667        2    0.967917         2  30.893333        2  31.494583         2   24.757500           2    25.226667            2
       6       2    -0.671452        4   -0.340173         4  31.072273        4  31.405314         4   24.957762           4    25.214385            4
       6       3    -0.629267       12   -0.565806        12  31.033267       12  31.308475        12   24.922316          12    25.142575           12
       6       4     0.411880       13   -0.191393        13  30.793852       13  31.467153        13   24.688112          13    25.258541           13
       6       5     2.984975        2    0.392558         2  30.521825        2  31.421350         2   24.306383           2    25.198558            2
       6       6     9.328656        3    1.486372         3  30.477016        3  31.678794         3   23.524572           3    25.342133            3
       6       7    15.240435       25    1.801106        25  30.068255       25  31.945428        25   22.095890          25    25.527186           25
       6       8    16.972000        5    2.043000         5  29.666000        5  31.798000         5   21.425001           5    25.390000            5
       6       9    15.233967        5    2.575600         5  29.582147        5  31.896734         5   21.720533           5    25.410380            5
       6      10    11.794740       12    5.672198        12  29.880846       12  31.512106        12   22.642956          12    24.811410           12
       6      11     8.294376        8    6.113480         8  29.956374        8  31.163679         8   23.257371           8    24.485822            8
       6      12     3.993000        2    3.996500         2  30.417000        2  30.775000         2   24.141500           2    24.424000            2
       7       1     0.900000        1    1.645000         1  31.535000        1  31.885001         1   25.265000           1    25.500000            1
       7       2    -0.645583        4    0.053525         4  31.192784        4  31.452433         4   25.050633           4    25.229250            4
       7       3     0.331735       20    0.687476        20  31.503126       20  31.817951        20   25.256570          20    25.494744           20
       7       4     1.310041        6    0.909509         6  31.542464        6  31.915621         6   25.239448           6    25.559368            6
       7       5     4.187011        2    0.796122         2  30.920305        2  32.134438         2   24.515962           2    25.748589            2
       7       6     8.572217        3    2.378175         3  30.920000        3  32.014592         3   23.976392           3    25.549925            3
       7       7    15.439413       29    2.937485        29  30.890315       29  32.172095        29   22.691455          29    25.619327           29
       7       8    17.676180        5    2.604320         5  30.370467        5  32.235608         5   21.792200           5    25.705607            5
       7       9    17.447333        3    3.861933         3  30.255383        3  32.071767         3   21.771950           3    25.425783            3
       7      10    13.516688       10    5.218242        10  30.277807       10  31.939037        10   22.619353          10    25.206066           10
       7      11     7.694583        4    5.320417         4  30.456875        4  31.657916         4   23.739792           4    24.986041            4
       8       1     1.400000        1    2.040000         1  31.760000        1  31.969999         1   25.420000           1    25.540001            1
       8       3     1.077649       22    1.245442        22  32.081575       22  32.246941        22   25.688674          22    25.809292           22
       8       4     2.322623       14    2.268746        14  32.160865       14  32.589876        14   25.668737          14    26.001613           14
       8       5     3.520800        1    3.581300         1  32.042198        1  32.916302         1   25.479000           1    26.169399            1
       8       6     8.106402        4    2.894986         4  31.683082        4  32.434279         4   24.626346           4    25.838440            4
       8       7    15.450836       24    3.596288        24  31.196109       24  32.484030        24   22.930667          24    25.813283           24
       8       8    18.168008        7    4.821300         7  30.996045        7  32.595391         7   22.153883           7    25.738686            7
       8       9    17.235001        1    2.760000         1  29.850000        1  32.424999         1   21.515000           1    25.850000            1
       8      10    13.483612       15    4.797262        15  30.807644       15  32.252357        15   23.045643          15    25.499601           15
       8      11     9.821220        5    5.680560         5  30.753080        5  31.973760         5   23.660240           5    25.180781            5
       9       1     2.820000        2    3.084000         2  31.709000        2  32.043999         2   25.271000           2    25.515000            2
       9       2     0.705000        2    1.045000         2  31.924999        2  32.135001         2   25.590000           2    25.740000            2
       9       3     1.581788       25    1.654969        25  32.053013       25  32.250330        25   25.633891          25    25.780358           25
       9       4     2.942798       11    2.738815        11  32.352752       11  32.555131        11   25.764942          11    25.941425           11
       9       5     5.114333        6    2.724247         6  32.092118        6  32.465454         6   25.354582           6    25.875217            6
       9       6     9.917417        3    3.841667         3  31.696258        3  32.445292         3   24.386125           3    25.757308            3
       9       7    15.035910       29    4.766564        29  31.529608       29  32.505742        29   23.270944          29    25.702784           29
       9       8    18.505661        7    5.920501         7  31.362997        7  32.561849         7   22.358671           7    25.604119            7
       9       9    16.242634        2    7.211583         2  31.224267        2  32.026567         2   22.789317           2    25.027817            2
       9      10    13.742613       11    7.079788        11  30.756562       11  32.152187        11   22.946190          11    25.124421           11
       9      11     9.243992        4    6.895075         4  30.974375        4  32.002225         4   23.898325           4    25.065317            4
       9      12     5.178333        2    5.360000         2  31.681666        2  31.851666         2   25.021667           2    25.136666            2
      10       1     3.480000        2    3.645000         2  31.890001        2  32.174999         2   25.360000           2    25.570000            2
      10       2     2.000000        3    2.508889         3  32.053333        3  32.267778         3   25.604445           3    25.736667            3
      10       3     2.345529       25    2.580633        25  32.182445       25  32.395745        25   25.679904          25    25.825293           25
      10       4     3.431517       17    3.936534        17  32.243514       17  32.758959        17   25.636243          17    25.982176           17
      10       5     5.658401        8    3.959039         8  32.342812        8  32.716572         8   25.486535           8    25.957200            8
      10       6    10.982711       13    5.683573        13  32.285373       13  33.040887        13   24.642712          13    25.993550           13
      10       7    15.983768       30    5.112781        30  31.747891       30  32.767619        30   23.234390          30    25.874429           30
      10       8    18.523338        9    6.150828         9  31.561322        9  32.779900         9   22.509043           9    25.706640            9
      10       9    15.512026       12    5.762004        12  31.591019       12  32.726079        12   23.145266          12    25.764738           12
      10      10    14.330689       20    7.364577        20  31.617669       20  32.795799        20   23.489697          20    25.576974           20
      10      11    10.150400       10    8.402435        10  31.749394       10  32.612947        10   24.372711          10    25.308515           10
      10      12     6.776500        4    6.842675         4  32.017263        4  32.403725         4   25.086712           4    25.382962            4
      11       1     2.205000        1    3.500000         1  32.035001        1  32.390001         1   25.580000           1    25.755000            1
      11       2     2.790000        1    3.950000         1  32.480000        1  32.770000         1   25.889999           1    26.020000            1
      11       3     2.679685       23    3.985335        23  32.322696       23  32.786430        23   25.767785          23    26.005448           23
      11       4     3.189395       14    3.621236        14  32.015078       14  32.614388        14   25.479386          14    25.909532           14
      11       5     6.207650        6    4.014300         6  32.245300        6  32.764634         6   25.333283           6    25.997283            6
      11       6    10.690172       12    5.218517        12  31.793639       12  33.051883        12   24.314444          12    26.091297           12
      11       7    15.348609       29    4.727647        29  31.428943       29  32.914680        29   23.125550          29    26.030218           29
      11       8    19.060909        5    6.153909         5  31.089818        5  32.989636         5   22.016454           5    25.916182            5
      11       9    15.506362       11    5.613129        11  31.268608       11  32.926662        11   22.865807          11    25.945906           11
      11      10    14.207392       18    7.717171        18  31.730037       18  32.962136        18   23.592972          18    25.671051           18
      11      11    10.407833        9    8.223500         9  31.903945        9  33.405222         9   24.452089           9    25.976244            9
      11      12     7.093622        3    7.375345         3  32.393400        3  32.657178         3   25.341623           3    25.502044            3
      12       1     1.245000        1    2.000000         1  31.475000        1  31.950001         1   25.195000           1    25.530001            1
      12       2     0.297796        8    1.915733         8  31.351077        8  32.039064         8   25.142185           8    25.581752            8
      12       3     1.592971       24    2.509675        24  31.890214       24  32.301908        24   25.497517          24    25.756866           24
      12       4     2.538973       19    2.485132        19  31.722290       19  32.238055        19   25.298589          19    25.712143           19
      12       5     6.114583       11    3.130513        11  31.871155       11  32.544955        11   25.053391          11    25.910000           11
      12       6    10.862616       15    3.609514        15  31.314033       15  32.543588        15   23.913361          15    25.851677           15
      12       7    15.674114       28    3.893379        28  31.206534       28  32.606724        28   22.887476          28    25.883479           28
      12       8    18.044586       10    3.208396        10  30.775139       10  32.549620        10   22.019968          10    25.906887           10
      12       9    17.251832       13    4.484453        13  30.971695       13  32.582149        13   22.354002          13    25.799626           13
      12      10    13.995522       22    5.979832        22  31.092063       22  32.588089        22   23.151519          22    25.609950           22
      12      11    10.113223       10    7.171530        10  30.977702       10  32.691768        10   23.779448          10    25.549026           10
      12      12     6.693094        6    6.570672         6  31.568223        6  32.248322         6   24.752194           6    25.300889            6
      13       2     0.127059        1    1.513529         1  30.834706        1  31.358823         1   24.736470           1    25.081177            1
      13       3     0.405062        8    0.952525         8  31.160563        8  31.596663         8   24.979562           8    25.303963            8
      13       4     1.648960        8    0.768242         8  30.790758        8  31.514353         8   24.614784           8    25.249962            8
      13       5     4.457833        3    1.280400         3  30.657200        3  31.580100         3   24.262466           3    25.275000            3
      13       6    10.625750        3    1.403483         3  31.153484        3  32.034941         3   23.829550           3    25.631966            3
      13       7    15.249155       19    2.590590        19  30.749384       19  32.270600        19   22.626329          19    25.727292           19
      13       8    14.180000        1    0.830000         1  29.450001        1  31.850000         1   21.870001           1    25.520000            1
      13       9    17.108571        7    4.337786         7  29.812350        7  31.865879         7   21.500471           7    25.245536            7
      13      10    12.060080        5    6.557620         5  29.882240        5  31.444941         5   22.568700           5    24.637940            5
      13      11     8.854274        4    6.354218         4  30.221155        4  31.257070         4   23.372821           4    24.543040            4
      13      12     5.195000        1    5.175000         1  30.640000        1  30.735000         1   24.200000           1    24.275001            1
      14       1     3.413855       11    2.949300        11  30.600318       11  31.152400        11   24.301136          11    24.807955           11
      14       2     0.453527       15    1.289661        15  31.070201       15  31.458917        15   24.909323          15    25.174133           15
      14       3     0.246348       15    0.707276        15  31.191890       15  31.604878        15   25.013062          15    25.317605           15
      14       4     1.736646       18    1.204201        18  31.098848       18  31.714196        18   24.857610          18    25.383265           18
      14       5     5.125490       14    1.958427        14  31.069402       14  31.902480        14   24.522607          14    25.480355           14
      14       6    10.038950       17    2.018808        17  30.854477       17  31.951791        17   23.688480          17    25.519035           17
      14       7    13.610198       21    2.408120        21  30.827605       21  32.131659        21   23.027185          21    25.635236           21
      14       8    17.943623       14    2.724730        14  30.711552       14  32.311027        14   21.998652          14    25.758035           14
      14       9    16.656319       15    3.427576        15  30.184909       15  32.142258        15   21.893064          15    25.559465           15
      14      10    12.907533       19    6.272044        19  30.392000       19  31.850813        19   22.830192          19    24.981026           19
      14      11     9.453379       15    6.292364        15  30.261350       15  31.714279        15   23.333937          15    24.899620           15
      14      12     5.648603       11    5.528506        11  30.490789       11  31.178073        11   24.024003          11    24.576464           11
      15       1     5.200000        1    6.290000         1  31.340000        1  31.790001         1   24.750000           1    24.980000            1
      15       2     0.114444        3    1.500000         3  31.185556        3  31.620000         3   25.018889           3    25.293333            3
      15       3     0.932000        5    1.051000         5  31.331000        5  31.553000         5   25.095000           5    25.263000            5
      15       4     2.094167        6    1.928333         6  31.285834        6  31.755833         6   24.987500           6    25.367500            6
      15       5     3.790000        1    1.190000         1  30.830000        1  31.870001         1   24.490000           1    25.520000            1
      15       6     9.988378        3    1.717256         3  31.206056        3  32.113200         3   23.985445           3    25.669156            3
      15       7    14.235551       26    3.498893        26  30.945942       26  32.326048        26   22.996774          26    25.679195           26
      15       8    16.550000        4    3.727500         4  31.025000        4  32.527501         4   22.565000           4    25.842500            4
      15       9    16.890000        5    4.851000         5  30.226000        5  32.307000         5   21.873000           5    25.525000            5
      15      10    12.425946        7    6.137603         7  30.787110        7  32.448100         7   23.232870           7    25.472568            7
      16       1     5.035000        2    8.350000         2  31.870001        2  33.365002         2   25.170000           2    25.915000            2
      16       2     2.140000        1    2.700000         1  32.090000        1  32.434999         1   25.630000           1    25.865000            1
      16       3     2.579143       14    4.469682        14  32.101854       14  32.819151        14   25.593031          14    25.971866           14
      16       4     3.505000        2    5.475000         2  32.465000        2  33.525000         2   25.815001           2    26.450000            2
      16       6    11.684717        6    6.487758         6  31.526061        6  33.314422         6   23.943444           6    26.137403            6
      16       7    15.047621       20    4.431873        20  31.219154       20  32.729061        20   23.032802          20    25.912128           20
      16       8    19.052248        3    3.901783         3  30.844165        3  32.779814         3   21.831097           3    25.998771            3
      16       9    17.553233        3    4.914033         3  31.282566        3  32.852834         3   22.530567           3    25.981267            3
      16      10    14.401830        7    6.831857         7  31.674346        7  32.803053         7   23.518790           7    25.655079            7
      16      11    11.403021        2    9.556354         2  32.058437        2  33.096250         2   24.410416           2    25.491875            2
      16      12     8.607204        3    9.710215         3  32.322581        3  33.218172         3   25.073656           3    25.595591            3
      17       2     0.900000        3    1.888333         3  31.295000        3  31.623334         3   25.066667           3    25.261667            3
      17       3     1.308750        3    1.977383         3  31.234333        3  31.677667         3   24.989817           3    25.298500            3
      17       4     2.923438        8    2.863437         8  31.735000        8  32.154063         8   25.278437           8    25.610938            8
      17       5     6.216225        2    2.457550         2  31.472750        2  32.165575         2   24.700250           2    25.659225            2
      17       6    10.623733        3    2.750800         3  30.732267        3  32.292167         3   23.511200           3    25.737367            3
      17       7    14.239749       25    2.818944        25  31.018947       25  32.187033        25   23.052847          25    25.638835           25
      17       8    18.900000        1    4.160000         1  30.860001        1  33.000000         1   21.889999           1    26.180000            1
      17       9    18.059999        1    6.280000         1  31.000000        1  32.840000         1   22.200001           1    25.809999            1
      17      10    13.302468        8    6.566940         8  31.352881        8  32.253327         8   23.498456           8    25.266723            8
      17      11    12.755000        1    9.500000         1  32.205000        1  32.889999         1   24.275000           1    25.380000            1
      18       1     5.800000        1    9.170000         1  31.719999        1  33.380001         1   24.990000           1    25.820000            1
      18       2     1.313333        2    2.289167         2  31.211667        2  31.460000         2   24.975834           2    25.101666            2
      18       3     1.762500        3    2.039167         3  31.566667        3  31.716666         3   25.235833           3    25.335833            3
      18       4     2.604667        3    2.698741         3  31.683000        3  32.134778         3   25.249704           3    25.602222            3
      18       5     5.909708        4    3.773417         4  31.492583        4  32.164166         4   24.770416           4    25.543792            4
      18       6    10.302533        5    3.550760         5  31.220993        5  32.200093         5   23.943307           5    25.598907            5
      18       7    13.960619       28    4.116780        28  31.211146       28  32.371006        28   23.257627          28    25.654519           28
      18       8    16.090140        7    5.062452         7  31.452534        7  32.348555         7   22.984793           7    25.550015            7
      18       9    16.488750        4    7.481250         4  31.390000        4  32.885834         4   22.857917           4    25.609167            4
      18      10    11.938067        5    6.337433         5  31.171067        5  32.541733         5   23.629467           5    25.552833            5
      18      12     9.090000        1    6.840000         1  31.390000        1  32.280000         1   24.275000           1    25.285001            1
      19       1     5.300000        1    4.900000         1  31.160000        1  31.150000         1   24.600000           1    24.629999            1
      19       2     1.195000        2    1.645000         2  31.225000        2  31.450000         2   24.995000           2    25.140000            2
      19       3     1.574444        3    1.297778         3  31.171111        3  31.360000         3   24.925556           3    25.093333            3
      19       4     2.218929        7    2.371429         7  31.309643        7  31.774643         7   24.997857           7    25.353929            7
      19       5     4.616850        2    1.874350         2  31.275900        2  31.958951         2   24.760450           2    25.544850            2
      19       6     9.124255        3    2.604789         3  31.243645        3  32.240433         3   24.149922           3    25.713022            3
      19       7    13.552223       25    3.100705        25  30.994602       25  32.019087        25   23.170068          25    25.485091           25
      19      10    12.374111        9    5.363472         9  30.878056        9  32.179683         9   23.312839           9    25.387333            9
      19      11    10.214666        3    5.782000         3  30.765333        3  32.207333         3   23.601333           3    25.348000            3
      20       2     1.722500        4    2.592500         4  31.380417        4  31.699166         4   25.086250           4    25.280000            4
      20       3     1.214667        5    0.945333         5  30.988333        5  31.229333         5   24.805333           5    25.016333            5
      20       4     2.409718       15    2.112527        15  31.331338       15  31.655560        15   24.995778          15    25.274320           15
      20       5     4.511462        4    2.833450         4  31.089250        4  31.684950         4   24.612900           4    25.240662            4
      20       6     8.472300        5    2.427020         5  31.030320        5  31.988680         5   24.080400           5    25.526800            5
      20       7    13.078760        5    3.201080         5  31.088780        5  32.137920         5   23.322740           5    25.569580            5
      20       8    14.261667        3    3.395000         3  31.251667        3  31.933334         3   23.208333           3    25.396667            3
      20       9    16.890000        1    3.895000         1  30.200000        1  32.115000         1   21.855000           1    25.500000            1
      20      10    11.753793       23    6.417600        23  31.236292       23  32.215525        23   23.698660          23    25.280793           23
      20      11    10.246527        8    7.892205         8  30.699893        8  31.733714         8   23.541518           8    24.706375            8
      21       2     2.411667        6    3.183750         6  31.472917        6  31.751250         6   25.112083           6    25.269167            6
      21       3     1.428413        5    1.369280         5  31.333840        5  31.438460         5   25.069200           5    25.157800            5
      21       4     2.193139       15    1.994268        15  31.363607       15  31.772627        15   25.038717          15    25.382327           15
      21       5     4.909440        5    2.979280         5  31.494330        5  31.958310         5   24.900930           5    25.454220            5
      21       6     9.006746        8    3.613370         8  31.398787        8  32.187700         8   24.293402           8    25.569526            8
      21       7    12.565990       19    4.370336        19  31.474241       19  32.241211        19   23.730923          19    25.539438           19
      21       8    14.062541        8    4.704369         8  31.573341        8  32.483621         8   23.479383           8    25.699389            8
      21       9    16.044167        4    5.394167         4  31.028750        4  32.097500         4   22.674167           4    25.313333            4
      21      10    12.167705       19    6.984226        19  31.307289       19  32.480723        19   23.685934          19    25.411153           19
      21      11     9.966021        8    6.864000         8  30.789667        8  32.150750         8   23.663459           8    25.176000            8
      21      12     5.650900        1    5.763500         1  31.906700        1  32.041901         1   25.150499           1    25.244200            1
      22       1     4.052000        8    4.898500         8  31.599812        8  32.111500         8   25.067225           8    25.386413            8
      22       2     3.733867       10    4.712610        10  31.955035       10  32.456509        10   25.363237          10    25.663848           10
      22       3     2.891407        8    3.907257         8  31.749196        8  32.289070         8   25.293341           8    25.617572            8
      22       4     2.932392       17    3.537276        17  31.630315       17  32.368693        17   25.191611          17    25.714861           17
      22       5     4.904277        6    4.322471         6  31.702247        6  32.318589         6   25.060192           6    25.614549            6
      22       6     8.644827       19    5.618821        19  31.655930       19  32.602735        19   24.533597          19    25.679532           19
      22       7    12.545669       29    6.515844        29  31.825466       29  32.728907        29   24.000024          29    25.666080           29
      22       8    13.803228       13    7.610944        13  32.200041       13  32.888390        13   24.036375          13    25.641049           13
      22       9    13.847144        9    8.367955         9  32.000459        9  32.937507         9   23.887651           9    25.563377            9
      22      10    12.174260       19    8.881368        19  31.971915       19  32.908684        19   24.200353          19    25.471773           19
      22      11     9.846714       18    8.542875        18  31.721461       18  32.769039        18   24.412183          18    25.423047           18
      22      12     7.967057        7    8.187200         7  32.026150        7  32.860665         7   24.935286           7    25.559300            7
      23       1     3.906667        6    4.866667         6  31.481917        6  32.117750         6   24.991666           6    25.397500            6
      23       2     3.128442        7    4.352013         7  31.829859        7  32.335573         7   25.332998           7    25.625119            7
      23       3     2.115833        5    2.443333         5  31.393111        5  31.711666         5   25.069500           5    25.298055            5
      23       4     3.250805        7    3.479340         7  31.931391        7  32.227724         7   25.394295           7    25.610262            7
      23       5     5.629186        5    5.072218         5  31.926453        5  32.492063         5   25.162158           5    25.674393            5
      23       6     7.529957       15    5.678816        15  31.892196       15  32.413123        15   24.885997          15    25.539208           15
      23       7    10.894567       14    5.545336        14  31.906747       14  32.532536        14   24.359488          14    25.640077           14
      23       8    11.502984       11    8.669559        11  32.486370       11  32.958545        11   24.702710          11    25.555958           11
      23       9    13.221944        6    9.297500         6  32.075000        6  32.894028         6   24.068889           6    25.397361            6
      23      10    11.263021        9    9.281171         9  32.253232        9  32.801884         9   24.568553           9    25.347625            9
      23      11     9.082520       15    9.109823        15  31.859809       15  32.735782        15   24.634073          15    25.318240           15
      23      12     7.832000        5    8.466000         5  31.775999        5  32.572000         5   24.764000           5    25.298000            5
      24       1     4.131786        7    4.374643         7  31.551500        7  31.661929         7   25.025093           7    25.089714            7
      24       2     2.836101        8    3.093155         8  31.717292        8  31.826875         8   25.274554           8    25.338334            8
      24       3     2.035722        5    1.907556         5  31.299722        5  31.391833         5   24.996278           5    25.081944            5
      24       4     3.049447       19    3.137070        19  31.585811       19  31.797912        19   25.148013          19    25.308931           19
      24       5     5.402333        5    5.018667         5  31.823034        5  32.056433         5   25.107333           5    25.335500            5
      24       6     7.193650       14    6.547907        14  31.891573       14  32.166400        14   24.940146          14    25.242314           14
      24       7     9.773369       25    8.389274        25  31.992189       25  32.242599        25   24.630131          25    25.048173           25
      24       8    10.809824       12    8.944154        12  32.325391       12  32.701655        12   24.710856          12    25.320284           12
      24       9    12.785516        6   10.189087         6  31.991429        6  32.710318         6   24.094127           6    25.115040            6
      24      10    10.716675       24   10.078457        24  32.023395       24  32.462421        24   24.503268          24    24.952672           24
      24      11     9.614379       21    9.515559        21  31.891489       21  32.195476        21   24.583919          21    24.837098           21
      24      12     8.035000        5    8.327000         5  31.950000        5  32.204000         5   24.871000           5    25.029000            5
      25       1     5.840632        7    5.430653         7  32.015847        7  32.359272         7   25.139470           7    25.519357            7
      25       2     3.825688        5    4.590685         5  32.102980        5  32.527146         5   25.493277           5    25.736174            5
      25       3     3.155287        5    3.474255         5  31.991113        5  32.360234         5   25.459743           5    25.721266            5
      25       4     3.961263       23    4.182591        23  31.964295       23  32.360641        23   25.366205          23    25.660659           23
      25       5     5.728985        8    5.116889         8  32.016219        8  32.399367         8   25.218987           8    25.606685            8
      25       6     8.979116       19    6.733428        19  32.096462       19  32.629241        19   24.830451          19    25.591550           19
      25       7    11.720357       24    7.782326        24  32.193985       24  32.847428        24   24.446112          24    25.635991           24
      25       8    12.213396       17    9.306125        17  32.386985       17  32.923460        17   24.503244          17    25.460301           17
      25       9    12.672618        9   10.077548         9  32.591079        9  33.183045         9   24.581587           9    25.549376            9
      25      10    10.865664       24   10.062148        24  32.479581       24  32.908948        24   24.832433          24    25.310388           24
      25      11     9.734284       23    9.583346        23  32.333272       23  32.776208        23   24.909332          23    25.283511           23
      25      12     8.324000        5    8.600000         5  32.659000        5  32.896000         5   25.387000           5    25.531000            5
      26       1     5.839818       11    5.872803        11  32.301186       11  32.633562        11   25.402360          11    25.691026           11
      26       2     4.094988       15    5.097741        15  32.329206       15  32.717990        15   25.646742          15    25.850584           15
      26       3     4.001944       10    4.790750        10  32.421250       10  32.757972        10   25.726833          10    25.915694           10
      26       4     4.432576       25    4.525296        25  32.208945       25  32.641316        25   25.516865          25    25.852166           25
      26       5     7.027766       12    5.526067        12  32.118429       12  32.649937        12   25.134777          12    25.748193           12
      26       6    10.451015       23    5.978672        23  32.093437       23  32.763013        23   24.591273          23    25.778204           23
      26       7    14.422363       29    7.251962        29  32.102558       29  33.049758        29   23.849789          29    25.835056           29
      26       8    16.759408       20    8.345112        20  32.126693       20  32.954695        20   23.359227          20    25.596011           20
      26       9    15.624455       15    8.957963        15  32.210373       15  32.944325        15   23.680071          15    25.491467           15
      26      10    13.681968       23    9.663836        23  32.351042       23  32.797113        23   24.192816          23    25.263589           23
      26      11    10.385009       22    9.746500        22  32.422904       22  32.859667        22   24.870438          22    25.314417           22
      26      12     8.778929        7    8.880595         7  32.578333        7  32.836429         7   25.252738           7    25.441429            7
      27       1     6.306405       12    6.324702        12  32.781616       12  32.804107        12   25.759061          12    25.774921           12
      27       2     4.860390       22    4.920671        22  32.823002       22  32.880388        22   25.962824          22    26.002008           22
      27       3     4.460716       17    4.383112        17  32.711159       17  32.736132        17   25.916446          17    25.944785           17
      27       4     5.305334       25    5.324408        25  32.774013       25  32.821869        25   25.871649          25    25.909005           25
      27       5     7.706333       13    7.458949        13  32.735038       13  32.751923        13   25.533128          13    25.582954           13
      27       6     9.960660       23    8.751377        23  32.518886       23  32.614709        23   25.010053          23    25.276136           23
      27       7    14.499550       11   10.300931        11  32.240612       11  32.452744        11   23.934128          11    24.876364           11
      27       8    15.757494       20   12.777032        20  32.203266       20  32.422357        20   23.642337          20    24.401376           20
      27       9    15.426889       12   13.775500        12  32.389611       12  32.485139        12   23.860993          12    24.267199           12
      27      10    14.852635       21   13.857899        21  32.386642       21  32.464721        21   23.984545          21    24.233129           21
      27      11    11.794731       20   11.660494        20  32.541813       20  32.562456        20   24.713709          20    24.752352           20
      27      12     8.719638        8    8.668668         8  32.477287        8  32.707887         8   25.181681           8    25.369157            8
      28       1     5.925586       16    6.255103        16  32.641526       16  32.802716        16   25.693847          16    25.781554           16
      28       2     4.432786       26    5.191149        26  32.542321       26  32.891178        26   25.781405          26    25.976993           26
      28       3     4.257962       20    4.599737        20  32.552280       20  32.796253        20   25.809165          20    25.967149           20
      28       4     4.727042       26    5.032297        26  32.570768       26  32.866107        26   25.773394          26    25.976402           26
      28       5     7.340492       15    6.407511        15  32.539702       15  32.796392        15   25.424419          15    25.756340           15
      28       6     9.475473       25    7.388707        25  32.438748       25  32.747027        25   25.024499          25    25.581979           25
      28       7    14.702307       12    8.759523        12  32.230771       12  32.614089        12   23.886917          12    25.265363           12
      28       8    16.448217       23   10.344395        23  32.173937       23  32.646923        23   23.462193          23    25.021032           23
      28       9    15.435005       15   10.591374        15  32.357564       15  32.740885        15   23.834066          15    25.058749           15
      28      10    14.062496       23   11.038642        23  32.414508       23  32.770562        23   24.167144          23    25.000900           23
      28      11    10.858501       21   10.268689        21  32.605161       21  32.802466        21   24.927860          21    25.181105           21
      28      12     8.555366       13    8.671705        13  32.623056       13  32.896368        13   25.320193          13    25.515285           13
      29       1     5.079415        9    6.493431         9  32.048292        9  32.760714         9   25.315418           9    25.692593            9
      29       2     3.547477       18    5.530027        18  32.026996       18  32.854421        18   25.447946          18    25.888254           18
      29       3     3.119563        9    4.545852         9  31.788806        9  32.546637         9   25.303087           9    25.758391            9
      29       4     3.399068       24    4.517383        24  31.903124       24  32.677846        24   25.366869          24    25.868327           24
      29       5     6.099659       15    5.175901        15  31.792418       15  32.678240        15   24.993998          15    25.798372           15
      29       6    10.470582       18    7.131599        18  32.009571       18  32.964555        18   24.523710          18    25.753355           18
      29       7    14.252779       16    7.156296        16  31.902361       16  32.989205        16   23.732102          16    25.791681           16
      29       8    17.095342       17    8.689849        17  32.038933       17  33.046011        17   23.203256          17    25.614965           17
      29       9    15.851524       16    9.386815        16  32.213886       16  32.973164        16   23.629692          16    25.435428           16
      29      10    13.762955       22   10.173670        22  32.341873       22  33.026691        22   24.170276          22    25.355770           22
      29      11    10.762581       17   10.089150        17  32.381323       17  33.008963        17   24.765653          17    25.364380           17
      29      12     7.847267        5    8.791018         5  32.069719        5  32.863861         5   24.986012           5    25.471239            5
