40.3617 -69.8982
40.6333 -69.3342
40.7858 -67.8260
40.8480 -66.8722
40.9348 -66.8467
41.2875 -66.9505
41.3795 -68.2555
41.3957 -66.1565
41.4018 -67.2735
41.5072 -66.4340
41.5225 -67.2152
41.5790 -66.9577
41.5817 -69.5710
41.6245 -68.7517
41.6395 -69.3148
41.6437 -66.4300
41.6535 -65.8420
41.7018 -65.8643
41.7035 -66.3145
41.7118 -66.5483
41.7458 -68.1208
41.7672 -66.9218
41.7823 -66.1298
41.7838 -66.6872
41.8170 -67.1685
41.8325 -66.1418
41.8797 -66.2720
41.8837 -66.0302
41.8965 -66.5520
41.9068 -66.7920
41.9742 -67.7788
41.9838 -66.6873
41.9865 -66.2072
42.0373 -66.7195
42.0398 -67.3990
42.0415 -67.6503
42.0535 -67.7755
42.0550 -66.3582
42.0952 -66.1128
42.1028 -67.3630
42.1042 -66.5548
42.1122 -66.7605
42.1490 -66.5695
42.1608 -65.8878
42.2782 -66.1423
44.2635 -63.3170
44.2663 -63.3175
44.2700 -63.3183
