40.3515 -68.9579
40.7257 -67.7452
40.7513 -68.8377
40.7967 -68.3725
40.9110 -66.9578
40.9777 -67.9768
41.0235 -68.7763
41.0280 -67.3265
41.1667 -68.1875
41.1686 -69.0940
41.2820 -66.3268
41.3237 -67.6527
41.4657 -66.2700
41.6290 -66.2835
41.6431 -65.9246
41.6501 -66.0366
41.6618 -66.4335
41.6795 -69.5920
41.7595 -67.2059
41.7698 -66.7834
41.7772 -66.2395
41.8163 -68.0168
41.8586 -66.6782
41.9185 -67.9902
41.9537 -66.2669
41.9813 -66.7307
42.0575 -66.8798
42.0591 -66.3786
42.0594 -67.4985
42.0612 -66.1586
42.1748 -67.0686
44.2676 -63.3363
44.2683 -63.3175
