40.7193 -67.5563
40.8550 -67.2178
40.9757 -66.5945
41.0828 -67.7733
41.3057 -66.8305
41.3725 -66.4487
41.3790 -67.2995
41.3932 -67.6500
41.5567 -66.2830
41.5628 -66.1002
41.5743 -67.0310
41.5772 -66.5795
41.6457 -65.8512
41.6900 -67.5152
41.7152 -66.6257
41.7522 -68.7083
41.7575 -65.9898
41.7752 -68.1000
41.8163 -65.7690
41.8240 -66.3957
41.8298 -66.6982
41.8840 -66.5557
41.8950 -65.9920
41.8972 -67.2505
41.9080 -66.3640
42.0215 -66.1823
42.0442 -66.6823
42.0555 -66.4690
42.0707 -66.3157
42.1048 -67.5823
42.1140 -66.9248
42.1438 -66.0342
42.2568 -66.0787
42.8098 -63.1775
43.2302 -63.0900
43.2310 -63.0787
43.4087 -63.1083
44.2643 -63.3193
44.2658 -63.3188
44.2662 -63.3168
