0.0000 0.0000 1.7535 0.8288 6 31.9097 0.4354 5 25.5086 0.3766 5
0.0000 10.0000 1.5738 1.0685 4 31.7596 0.3126 4 25.3999 0.3036 4
0.0000 20.0000 1.3793 1.0204 5 31.9517 0.3161 5 25.5656 0.2649 5
0.0000 30.0000 1.1410 1.0918 5 32.0612 0.2622 5 25.6676 0.2225 5
0.0000 40.0000 1.1355 0.9810 5 32.1966 0.1830 5 25.7785 0.1537 5
0.0000 50.0000 1.3453 0.8965 6 32.3447 0.1627 5 25.8868 0.1381 5
0.0000 60.0000 1.5003 1.0612 6 32.4411 0.1409 5 25.9471 0.1229 5
0.0000 70.0000 1.3403 0.9984 6 32.5590 0.1357 5 26.0527 0.0960 5
0.0000 80.0000 1.3352 0.8638 6 32.6555 0.1536 5 26.1357 0.1200 5
0.0000 90.0000 1.2883 0.6545 5 32.7582 0.1694 5 26.2215 0.1334 5
0.0000 100.0000 1.7063 0.6869 6 32.9484 0.1686 5 26.3391 0.1433 5
0.0000 120.0000 2.6689 1.7503 6 33.3318 0.2526 5 26.5576 0.1328 5
0.0000 140.0000 4.4713 3.2099 6 33.8116 0.5633 5 26.7791 0.1072 5
0.0000 160.0000 5.4448 3.3396 5 34.2056 0.5576 5 26.9376 0.1046 5
0.0000 180.0000 6.1350 2.7211 6 34.4144 0.4438 5 27.0290 0.1128 5
0.0000 200.0000 6.1092 2.5661 6 34.5143 0.3385 5 27.1110 0.1213 5
0.0000 220.0000 6.3772 2.2829 6 34.6424 0.2896 5 27.1735 0.1269 5
0.0000 240.0000 6.1163 1.8555 6 34.6483 0.2171 5 27.2292 0.1100 5
0.0000 260.0000 6.0416 1.6189 6 34.7030 0.2008 5 27.2837 0.0941 5
0.0000 280.0000 5.9207 1.4842 5 34.7176 0.1421 5 27.3284 0.0848 5
0.0000 300.0000 5.5982 0.9629 6 34.7195 0.0911 5 27.3687 0.0699 5
0.0000 320.0000 5.3744 0.7307 5 34.7271 0.0545 5 27.4125 0.0693 5
0.0000 340.0000 5.2397 0.5878 5 34.7507 0.0463 5 27.4474 0.0600 5
0.0000 360.0000 5.1379 0.5457 6 34.7750 0.0543 5 27.4827 0.0538 5
0.0000 380.0000 5.0167 0.4998 5 34.8051 0.0337 5 27.5177 0.0417 5
0.0000 400.0000 5.1452 0.1567 5 34.8269 0.0119 4 27.5220 0.0292 4
0.0000 420.0000 4.5040 0.2068 3 34.8390 0.0253 3 27.6051 0.0108 3
90.0000 0.0000 3.0498 1.2687 6 32.4944 0.1686 5 25.8630 0.2354 5
90.0000 10.0000 2.9994 1.3075 6 32.5029 0.1629 5 25.8685 0.2296 5
90.0000 20.0000 2.9402 1.3493 6 32.5122 0.1523 5 25.8762 0.2194 5
90.0000 30.0000 2.8694 1.3231 6 32.5571 0.1236 5 25.9198 0.2053 5
90.0000 40.0000 2.6765 1.2872 6 32.6343 0.0935 5 26.0004 0.1866 5
90.0000 50.0000 2.5927 0.9223 6 32.7891 0.1209 5 26.1385 0.1429 5
90.0000 60.0000 2.2883 0.5119 6 32.8709 0.1619 5 26.2391 0.1624 5
90.0000 70.0000 2.4156 0.7444 6 33.0053 0.1620 5 26.3317 0.1586 5
90.0000 80.0000 2.9699 0.5388 6 33.1967 0.1651 5 26.4359 0.1489 5
90.0000 90.0000 3.4092 0.3658 6 33.3501 0.1808 5 26.5312 0.1404 5
90.0000 100.0000 4.6382 1.6688 6 33.7241 0.4448 5 26.6805 0.1653 5
90.0000 120.0000 6.0835 2.5698 6 34.1402 0.6213 5 26.8259 0.1342 5
90.0000 140.0000 6.4995 2.6840 6 34.3420 0.5620 5 26.9609 0.1282 5
90.0000 160.0000 6.9565 1.3323 6 34.5338 0.3226 5 27.0717 0.1063 5
90.0000 180.0000 7.1472 0.9495 6 34.6617 0.2258 5 27.1415 0.0963 5
90.0000 200.0000 7.1512 0.8004 6 34.7375 0.1672 5 27.2106 0.1000 5
90.0000 220.0000 7.0776 0.7630 6 34.7850 0.1466 5 27.2584 0.0931 5
90.0000 240.0000 6.6865 0.9227 6 34.7866 0.1646 5 27.3069 0.0936 5
90.0000 260.0000 6.2915 0.8509 6 34.8042 0.1742 5 27.3617 0.1049 5
90.0000 280.0000 6.1456 0.7942 6 34.8448 0.1444 5 27.4132 0.1025 5
90.0000 300.0000 5.9753 0.8403 6 34.8583 0.1295 5 27.4485 0.0995 5
90.0000 320.0000 5.7294 0.7677 6 34.8720 0.1197 5 27.4911 0.1061 5
90.0000 340.0000 5.4326 0.4440 6 34.8780 0.1030 5 27.5304 0.1046 5
90.0000 360.0000 5.2342 0.3047 6 34.8901 0.1176 5 27.5634 0.1104 5
90.0000 380.0000 5.1343 0.4235 6 34.9141 0.1084 5 27.5919 0.1070 5
90.0000 400.0000 5.0107 0.4983 6 34.9251 0.1024 5 27.6126 0.1024 5
110.0000 0.0000 2.8912 1.8369 10 32.5350 0.2721 9 25.9271 0.2724 9
110.0000 10.0000 2.8397 1.8628 10 32.5770 0.2776 9 25.9637 0.2470 9
110.0000 20.0000 2.7877 1.8898 10 32.6007 0.2643 9 25.9836 0.2333 9
110.0000 30.0000 2.7631 1.8581 10 32.6589 0.2092 9 26.0289 0.2000 9
110.0000 40.0000 2.5508 1.8537 9 32.7240 0.1687 9 26.0866 0.1722 9
110.0000 50.0000 2.6664 1.7834 10 32.7896 0.2020 9 26.1365 0.1577 9
110.0000 60.0000 2.6455 1.8123 10 32.9217 0.2660 9 26.2519 0.1284 9
110.0000 70.0000 2.7606 2.1715 10 33.1585 0.4332 9 26.4309 0.1820 9
110.0000 80.0000 3.0232 2.4797 10 33.3186 0.5086 9 26.5221 0.1900 9
110.0000 90.0000 3.1392 3.0163 9 33.4788 0.5722 9 26.5993 0.1645 9
110.0000 100.0000 3.7448 3.1501 10 33.6808 0.6465 9 26.6796 0.1835 9
110.0000 120.0000 4.7289 3.3294 10 33.9648 0.6682 9 26.8046 0.1527 9
110.0000 140.0000 5.6167 2.8895 10 34.1664 0.6190 9 26.8830 0.1874 9
110.0000 160.0000 6.0242 2.5723 10 34.3811 0.4986 9 26.9982 0.1033 9
110.0000 180.0000 6.3398 1.9783 10 34.5416 0.3943 9 27.1004 0.0765 9
110.0000 200.0000 6.5139 1.4879 10 34.6288 0.3145 9 27.1581 0.0898 9
110.0000 220.0000 6.3031 1.2877 10 34.6412 0.2808 9 27.2038 0.0868 9
110.0000 240.0000 6.0279 1.1775 10 34.6587 0.2469 9 27.2596 0.0733 9
110.0000 260.0000 5.8896 1.0748 10 34.6885 0.2363 9 27.3036 0.0819 9
110.0000 280.0000 5.7851 0.9902 9 34.7204 0.2222 9 27.3520 0.0844 9
110.0000 300.0000 5.4865 0.9535 10 34.7356 0.2093 9 27.3960 0.0753 9
110.0000 320.0000 5.3142 0.9781 10 34.7706 0.2023 9 27.4457 0.0723 9
110.0000 340.0000 5.1596 0.9017 9 34.7949 0.2031 9 27.4897 0.0927 9
110.0000 360.0000 5.0703 0.6928 8 34.8335 0.1819 8 27.5320 0.0940 8
110.0000 380.0000 4.9382 0.6082 9 34.8547 0.1581 8 27.5639 0.0892 8
110.0000 400.0000 4.7738 0.6088 3 34.8016 0.1796 3 27.5438 0.0832 3
130.0000 0.0000 2.8462 1.7171 12 32.6123 0.1573 12 25.9797 0.1966 12
130.0000 10.0000 2.7531 1.6418 12 32.6186 0.1648 12 25.9953 0.1811 12
130.0000 20.0000 2.5182 1.5941 12 32.6286 0.1776 12 26.0233 0.1622 12
130.0000 30.0000 2.2036 1.7235 12 32.6442 0.1776 12 26.0542 0.1538 12
130.0000 40.0000 2.0057 1.8366 12 32.7004 0.1631 12 26.1051 0.1304 12
130.0000 50.0000 1.8041 2.0409 11 32.7665 0.2152 11 26.1660 0.1296 11
130.0000 60.0000 1.6576 2.3064 10 32.8391 0.2576 10 26.2352 0.1354 10
130.0000 70.0000 1.6787 2.5087 10 32.9188 0.3375 10 26.3054 0.1391 10
130.0000 80.0000 2.0037 2.7741 11 33.0609 0.4575 11 26.3783 0.1666 11
130.0000 90.0000 2.1876 3.0282 11 33.1224 0.5060 11 26.4142 0.1699 11
130.0000 100.0000 2.0684 2.9769 12 33.2087 0.6059 12 26.4804 0.2281 12
130.0000 120.0000 3.1610 3.6238 11 33.4389 0.6905 10 26.5933 0.2293 10
130.0000 140.0000 4.7434 3.9916 10 33.8266 0.8178 9 26.7359 0.2645 9
130.0000 160.0000 5.8057 3.4788 10 34.1524 0.7929 9 26.8642 0.2877 9
130.0000 180.0000 6.2464 3.1140 10 34.3369 0.7216 9 26.9676 0.2583 9
130.0000 200.0000 5.6932 2.8439 7 34.3103 0.6414 6 27.0340 0.1757 6
130.0000 220.0000 6.0061 1.9826 7 34.5137 0.4504 6 27.1515 0.1112 6
130.0000 240.0000 6.1525 1.5898 7 34.6292 0.3610 6 27.2298 0.1087 6
130.0000 260.0000 6.1810 1.6890 5 34.7386 0.3828 4 27.3043 0.0720 4
130.0000 280.0000 5.9818 1.6426 4 34.7660 0.4023 3 27.3467 0.0884 3
130.0000 300.0000 5.8189 1.5365 4 34.7830 0.3478 3 27.3805 0.0719 3
130.0000 320.0000 5.6517 1.3151 4 34.8168 0.2974 3 27.4343 0.0777 3
130.0000 340.0000 6.1259 -99.0000 1 35.0980 -99.0000 1 27.6135 -99.0000 1
130.0000 360.0000 6.0100 -99.0000 1 35.0880 -99.0000 1 27.6220 -99.0000 1
