0.0000 0.0000 11.7775 2.3724 21 31.2992 0.7219 20 23.7659 0.8505 20
0.0000 10.0000 11.6466 2.0318 20 31.4593 0.7371 17 23.9133 0.8529 17
0.0000 20.0000 10.1742 1.8873 21 31.6268 0.7110 18 24.2848 0.7981 18
0.0000 30.0000 8.6972 2.4071 21 31.9117 0.6455 18 24.7706 0.7608 18
0.0000 40.0000 7.6944 2.0095 18 32.0894 0.5504 18 25.0331 0.6051 18
0.0000 50.0000 7.0947 2.1035 17 32.2948 0.4425 15 25.3268 0.3893 15
0.0000 60.0000 6.4529 1.3411 13 32.3960 0.4747 12 25.4358 0.3840 12
0.0000 70.0000 6.6616 1.4610 3 32.7183 0.2583 3 25.6591 0.2809 3
0.0000 80.0000 6.4699 -99.0000 1 32.5299 -99.0000 1 25.5400 -99.0000 1
35.0000 0.0000 12.0426 1.5094 17 31.6904 0.6873 14 24.0455 0.6578 14
35.0000 10.0000 11.6507 1.1445 19 31.8531 0.6235 14 24.2280 0.5551 14
35.0000 20.0000 10.5901 1.7352 19 32.0056 0.6083 14 24.4892 0.5360 14
35.0000 30.0000 9.4200 2.1201 18 32.2638 0.5751 14 24.8753 0.5197 14
35.0000 40.0000 8.3782 2.7510 20 32.4202 0.5539 15 25.1521 0.6322 15
35.0000 50.0000 7.4611 2.4066 19 32.6538 0.4778 15 25.5012 0.4277 15
35.0000 60.0000 6.5979 2.1495 20 32.8384 0.3857 15 25.7375 0.2292 15
35.0000 70.0000 6.4191 2.2395 18 32.9696 0.3804 15 25.8710 0.1645 15
35.0000 80.0000 6.1509 2.0923 18 33.0138 0.3311 15 25.9696 0.1713 15
35.0000 90.0000 5.8552 2.0127 16 33.0418 0.3297 14 26.0320 0.1774 14
35.0000 100.0000 5.8307 1.7299 19 33.0911 0.3061 16 26.0569 0.1734 16
35.0000 120.0000 5.9195 1.8848 10 33.0896 0.3009 7 26.0397 0.1242 7
35.0000 140.0000 5.6799 -99.0000 1 -99.0000 -99.0000 0 -99.0000 -99.0000 0
65.0000 0.0000 12.7559 1.3432 16 31.8533 0.6669 13 24.0121 0.5531 13
65.0000 10.0000 12.4974 1.1790 13 31.9028 0.6106 13 24.0895 0.5267 13
65.0000 20.0000 12.1936 1.4290 13 32.0661 0.5489 13 24.2676 0.4764 13
65.0000 30.0000 11.2517 1.5305 13 32.3692 0.4946 12 24.6760 0.4137 12
65.0000 40.0000 9.4428 2.1714 12 32.6487 0.4216 12 25.1779 0.3015 12
65.0000 50.0000 8.1412 2.2972 13 32.9004 0.3179 12 25.5475 0.2427 12
65.0000 60.0000 8.0438 2.3418 14 32.9856 0.4317 13 25.6260 0.4396 13
65.0000 70.0000 7.8868 2.1898 12 33.0823 0.3177 12 25.7598 0.3159 12
65.0000 80.0000 7.2163 1.7189 12 33.1663 0.3261 11 25.9349 0.2235 11
65.0000 90.0000 7.0037 1.7978 13 33.1172 0.2046 12 25.9216 0.1965 12
65.0000 100.0000 6.8331 1.5914 14 33.2242 0.3637 13 26.0164 0.2229 13
65.0000 120.0000 6.1199 0.1131 2 -99.0000 -99.0000 0 -99.0000 -99.0000 0
65.0000 140.0000 4.9500 1.9091 2 -99.0000 -99.0000 0 -99.0000 -99.0000 0
65.0000 200.0000 9.7700 -99.0000 1 35.1100 -99.0000 1 27.0799 -99.0000 1
65.0000 260.0000 9.3599 -99.0000 1 35.0999 -99.0000 1 27.1399 -99.0000 1
100.0000 0.0000 12.8080 1.1411 16 31.7863 0.5449 16 23.9468 0.4816 16
100.0000 10.0000 12.7959 1.1584 15 31.9667 0.5050 13 24.1150 0.4018 13
100.0000 20.0000 12.6002 1.2835 15 32.0891 0.4451 13 24.2476 0.3423 13
100.0000 30.0000 11.5489 1.8831 15 32.3168 0.3839 13 24.5789 0.3872 13
100.0000 40.0000 9.8606 2.6870 14 32.5805 0.3703 12 24.9778 0.4832 12
100.0000 50.0000 8.7602 2.0939 15 32.9212 0.3418 13 25.4869 0.3299 13
100.0000 60.0000 8.0444 1.9244 13 33.1932 0.3396 12 25.8003 0.1254 12
100.0000 70.0000 8.0388 1.9344 14 33.3058 0.3812 12 25.9105 0.1581 12
100.0000 80.0000 8.1675 1.8899 17 33.4342 0.4483 16 25.9790 0.2276 16
100.0000 90.0000 8.1096 1.9136 16 33.3762 0.4333 14 25.9651 0.1864 14
100.0000 100.0000 8.1385 2.0199 14 33.3996 0.4326 14 25.9725 0.1956 14
130.0000 0.0000 14.2411 1.5591 16 31.8935 0.8107 16 23.7780 0.5092 16
130.0000 10.0000 14.0512 1.5738 12 32.0008 0.6339 11 23.8815 0.2703 11
130.0000 20.0000 13.9104 1.6938 14 32.1002 0.6312 12 23.9815 0.3527 12
130.0000 30.0000 12.0665 2.6521 14 32.3595 0.5919 12 24.5108 0.4277 12
130.0000 40.0000 8.6996 3.4317 14 32.6171 0.4225 12 25.3312 0.2605 12
130.0000 50.0000 7.7726 3.8972 13 33.0032 0.5104 11 25.7775 0.1858 11
130.0000 60.0000 8.0406 3.6315 13 33.3775 0.6052 12 26.0401 0.2226 12
130.0000 70.0000 8.2473 3.2914 14 33.7297 0.6209 12 26.2561 0.2428 12
130.0000 80.0000 8.4164 3.2581 13 33.9232 0.6921 11 26.3834 0.2352 11
130.0000 90.0000 9.1553 2.9494 13 34.1737 0.7322 12 26.4758 0.2478 12
130.0000 100.0000 9.0596 2.2668 15 34.2954 0.5970 13 26.5655 0.2196 13
130.0000 120.0000 9.9430 2.1365 14 34.6822 0.6618 13 26.7164 0.2520 13
130.0000 140.0000 10.0857 1.9443 13 34.9167 0.6268 12 26.8468 0.2408 12
130.0000 160.0000 9.6781 1.7796 13 34.9657 0.5564 12 26.9368 0.2398 12
130.0000 180.0000 9.3860 1.8234 10 35.0164 0.4812 9 27.0153 0.2095 9
130.0000 200.0000 9.1711 1.9571 9 35.0522 0.4238 8 27.0726 0.1937 8
130.0000 220.0000 8.5155 1.7892 6 34.9559 0.4807 5 27.1267 0.2423 5
130.0000 240.0000 8.3779 0.5304 3 35.0711 0.0475 2 27.2991 0.1242 2
130.0000 260.0000 7.7874 0.8002 3 34.9546 0.1903 2 27.3333 0.1179 2
130.0000 280.0000 7.7532 0.7290 2 35.0747 -99.0000 1 27.4420 -99.0000 1
130.0000 300.0000 7.4034 0.5907 2 35.0640 -99.0000 1 27.4690 -99.0000 1
130.0000 320.0000 7.5267 0.9078 3 35.0482 -99.0000 1 27.5084 -99.0000 1
130.0000 340.0000 7.1193 0.8175 2 35.0435 -99.0000 1 27.5149 -99.0000 1
130.0000 360.0000 6.8166 0.5401 2 35.0400 -99.0000 1 27.5267 -99.0000 1
130.0000 380.0000 6.4876 0.2901 2 35.0362 -99.0000 1 27.5455 -99.0000 1
130.0000 400.0000 6.3241 0.3335 2 35.0302 -99.0000 1 27.5667 -99.0000 1
130.0000 420.0000 5.9070 -99.0000 1 35.0192 -99.0000 1 27.5814 -99.0000 1
130.0000 440.0000 5.7104 -99.0000 1 35.0112 -99.0000 1 27.5972 -99.0000 1
130.0000 500.0000 5.0329 0.5274 2 34.8900 0.1556 2 27.5834 0.0614 2
130.0000 600.0000 5.0679 -99.0000 1 34.9891 -99.0000 1 27.6581 -99.0000 1
130.0000 700.0000 4.7029 -99.0000 1 34.9737 -99.0000 1 27.6880 -99.0000 1
130.0000 800.0000 4.5318 -99.0000 1 34.9700 -99.0000 1 27.7081 -99.0000 1
150.0000 0.0000 14.6594 2.2411 9 32.3180 0.8677 8 23.8331 0.3694 8
150.0000 10.0000 14.6477 2.1726 10 32.2151 0.7980 9 23.8726 0.3589 9
150.0000 20.0000 13.8436 2.5167 9 32.2904 0.7329 9 24.0922 0.4664 9
150.0000 30.0000 12.4421 3.4133 10 32.5207 0.5986 10 24.5240 0.6678 10
150.0000 40.0000 10.3244 4.1215 10 32.7364 0.5045 10 25.0422 0.6284 10
150.0000 50.0000 9.1058 4.2536 10 32.9387 0.4245 10 25.3824 0.6135 10
150.0000 60.0000 8.3221 3.9651 9 33.1304 0.4203 9 25.6605 0.4528 9
150.0000 70.0000 8.6942 3.3545 10 33.5263 0.4558 10 25.9534 0.3651 10
150.0000 80.0000 9.4601 3.1449 10 33.9663 0.7497 10 26.1827 0.3416 10
150.0000 90.0000 9.0791 2.8807 9 33.9835 0.7228 9 26.2671 0.2695 9
150.0000 100.0000 9.9734 2.7540 10 34.3951 0.6489 10 26.4436 0.1988 10
150.0000 120.0000 10.9142 2.1162 10 34.8802 0.4655 10 26.6742 0.1465 10
150.0000 140.0000 11.3368 1.6958 9 35.1672 0.3425 9 26.8300 0.0891 9
150.0000 160.0000 11.0902 1.3158 10 35.2681 0.2474 10 26.9599 0.0863 10
150.0000 180.0000 10.4803 1.3701 10 35.2424 0.2323 10 27.0484 0.0969 10
150.0000 200.0000 10.1555 1.4228 9 35.2318 0.2131 9 27.0959 0.0976 9
150.0000 220.0000 9.6672 1.3695 9 35.1957 0.1870 9 27.1523 0.1000 9
150.0000 240.0000 9.0103 1.3652 10 35.1584 0.1593 10 27.2307 0.1073 10
150.0000 260.0000 8.6123 1.5047 9 35.1321 0.1581 9 27.2723 0.1232 9
150.0000 280.0000 8.2239 1.4350 9 35.0978 0.1401 9 27.3066 0.1188 9
150.0000 300.0000 7.7405 1.2769 9 35.0638 0.1154 9 27.3546 0.1099 9
150.0000 320.0000 7.4057 1.2118 9 35.0470 0.1055 9 27.3909 0.1055 9
150.0000 340.0000 7.0387 1.0013 10 35.0263 0.0852 10 27.4289 0.0845 10
150.0000 360.0000 6.8430 0.9322 9 35.0221 0.0797 9 27.4539 0.0734 9
150.0000 380.0000 6.5933 0.8902 9 35.0105 0.0717 9 27.4788 0.0703 9
150.0000 400.0000 6.4490 0.8216 9 35.0054 0.0646 9 27.4951 0.0666 9
150.0000 420.0000 6.3179 0.7708 9 35.0003 0.0588 9 27.5084 0.0616 9
150.0000 440.0000 6.1541 0.6961 9 34.9940 0.0532 9 27.5252 0.0539 9
150.0000 500.0000 5.7014 0.5709 9 34.9796 0.0416 9 27.5720 0.0444 9
150.0000 600.0000 5.1445 0.4360 9 34.9631 0.0323 9 27.6281 0.0365 9
150.0000 700.0000 4.7045 0.3023 10 34.9461 0.0291 10 27.6662 0.0250 10
150.0000 800.0000 4.4674 0.1695 10 34.9397 0.0232 10 27.6869 0.0238 10
150.0000 900.0000 4.3275 0.1392 8 34.9411 0.0242 8 27.7045 0.0262 8
150.0000 1000.0000 4.2246 0.1254 8 34.9387 0.0211 8 27.7135 0.0199 8
150.0000 1100.0000 4.1719 0.0539 5 34.9399 0.0244 5 27.7205 0.0196 5
150.0000 1200.0000 4.0394 -99.0000 1 34.9199 -99.0000 1 27.7199 -99.0000 1
170.0000 0.0000 14.5953 1.7302 7 32.2585 1.0154 6 23.9367 0.5147 6
170.0000 10.0000 14.2373 1.3963 6 32.4980 0.9889 5 24.1889 0.5609 5
170.0000 20.0000 12.8277 4.2225 6 32.4907 1.4615 5 24.4876 1.0110 5
170.0000 30.0000 11.1983 4.4635 6 32.8313 1.3823 5 25.0492 0.8306 5
170.0000 40.0000 9.9719 5.1786 6 33.3769 1.1020 5 25.6472 0.4641 5
170.0000 50.0000 10.8250 4.6268 6 33.8891 1.2014 5 25.8615 0.4595 5
170.0000 60.0000 9.7477 4.6534 6 34.0222 1.2756 5 26.0968 0.3840 5
170.0000 70.0000 11.1049 3.5468 6 34.2778 1.0511 5 26.1033 0.6494 5
170.0000 80.0000 10.3812 3.4781 7 34.5131 0.9109 6 26.3940 0.2702 6
170.0000 90.0000 11.6963 2.8041 5 35.1373 0.6390 4 26.6172 0.1648 4
170.0000 100.0000 10.3732 3.5990 7 34.7946 0.8471 6 26.5829 0.2002 6
170.0000 120.0000 10.3268 4.6301 7 34.9874 1.0485 6 26.7015 0.1803 6
170.0000 140.0000 12.0109 1.5255 5 35.4212 0.2977 4 26.8535 0.0986 4
170.0000 160.0000 11.8488 1.1321 6 35.3891 0.2096 5 26.9250 0.0909 5
170.0000 180.0000 11.1650 1.0226 5 35.2893 0.1801 4 27.0020 0.0899 4
170.0000 200.0000 10.3873 0.7586 6 35.2368 0.1326 5 27.0787 0.0805 5
170.0000 220.0000 9.9316 0.8051 7 35.2362 0.1069 6 27.1230 0.0748 6
170.0000 240.0000 9.3715 1.0993 7 35.2150 0.1342 6 27.1773 0.0644 6
170.0000 260.0000 8.6931 0.9200 6 35.1453 0.0848 5 27.2301 0.0475 5
170.0000 280.0000 8.2797 1.0224 5 35.1073 0.0811 4 27.2493 0.0074 4
170.0000 300.0000 7.9066 0.9777 5 35.0725 0.0816 4 27.2853 0.0174 4
170.0000 320.0000 7.5191 0.8635 6 35.0352 0.0710 5 27.3298 0.0311 5
170.0000 340.0000 7.4694 1.1447 6 35.0473 0.1075 5 27.3393 0.0536 5
170.0000 360.0000 6.8814 0.8417 6 35.0017 0.0628 5 27.3964 0.0317 5
170.0000 380.0000 6.6067 0.8733 5 34.9906 0.0631 4 27.4191 0.0267 4
170.0000 400.0000 6.5381 0.7916 6 35.0131 0.0672 5 27.4554 0.0447 5
170.0000 420.0000 6.6011 0.8627 8 35.0258 0.0668 7 27.4630 0.0620 7
170.0000 440.0000 6.0560 0.6406 6 34.9982 0.0497 5 27.5146 0.0476 5
170.0000 500.0000 5.5589 0.5482 6 34.9652 0.0313 5 27.5593 0.0359 5
170.0000 600.0000 5.0454 0.3283 8 34.9554 0.0336 7 27.6259 0.0194 7
170.0000 700.0000 4.8115 0.1577 5 34.9597 0.0286 5 27.6650 0.0159 5
170.0000 800.0000 4.5600 0.0885 6 34.9483 0.0291 6 27.6842 0.0205 6
170.0000 900.0000 4.3962 0.0990 4 34.9477 0.0124 4 27.7025 0.0115 4
170.0000 1000.0000 4.2575 0.1083 5 34.9459 0.0088 5 27.7139 0.0100 5
170.0000 1100.0000 4.1790 0.1251 3 34.9454 0.0069 3 27.7244 0.0125 3
170.0000 1200.0000 4.0866 0.1346 3 34.9428 0.0092 3 27.7319 0.0086 3
170.0000 1300.0000 4.0088 0.1859 3 34.9446 0.0180 3 27.7416 0.0057 3
170.0000 1400.0000 3.9137 0.1830 3 34.9401 0.0176 3 27.7475 0.0046 3
170.0000 1500.0000 3.8149 0.1385 3 34.9369 0.0148 3 27.7560 0.0038 3
170.0000 1600.0000 3.7101 0.1170 3 34.9355 0.0138 3 27.7648 0.0008 3
170.0000 1700.0000 3.6108 0.0970 3 34.9304 0.0160 3 27.7708 0.0040 3
170.0000 1800.0000 3.5146 0.0685 3 34.9275 0.0156 3 27.7781 0.0072 3
170.0000 1900.0000 3.4872 0.0544 2 34.9240 0.0198 2 27.7777 0.0108 2
