0.0000 0.0000 2.5396 0.9291 16 31.3399 0.3653 12 24.9938 0.2670 12
0.0000 10.0000 2.4376 1.0050 14 31.3742 0.3590 13 25.0240 0.2664 13
0.0000 20.0000 2.3536 1.0232 14 31.4439 0.3636 13 25.0865 0.2602 13
0.0000 30.0000 2.3015 1.0300 15 31.5218 0.3989 13 25.1521 0.2908 13
0.0000 40.0000 2.2322 1.0676 15 31.5650 0.4109 13 25.1871 0.3015 13
0.0000 50.0000 2.2252 1.0910 16 31.6007 0.4069 13 25.2155 0.2980 13
0.0000 60.0000 2.1391 0.9992 12 31.5436 0.3950 11 25.1827 0.3028 11
0.0000 70.0000 -99.0000 -99.0000 2 -99.0000 -99.0000 2 -99.0000 -99.0000 2
0.0000 80.0000 -99.0000 -99.0000 1 -99.0000 -99.0000 0 -99.0000 -99.0000 0
35.0000 0.0000 3.0936 1.0685 9 31.3400 0.6321 7 24.9393 0.4813 7
35.0000 10.0000 2.8209 1.0430 13 31.4875 0.2922 11 25.0824 0.2373 11
35.0000 20.0000 2.6584 0.9312 13 31.5260 0.2952 11 25.1265 0.2344 11
35.0000 30.0000 2.5593 0.8800 13 31.5765 0.3104 11 25.1756 0.2388 11
35.0000 40.0000 2.4434 0.8818 13 31.6600 0.3157 11 25.2510 0.2233 11
35.0000 50.0000 2.4766 0.9146 13 31.7965 0.3021 11 25.3578 0.2069 11
35.0000 60.0000 2.6007 1.0295 12 31.9567 0.2820 11 25.4761 0.1771 11
35.0000 70.0000 2.9152 1.1498 11 32.1053 0.3049 11 25.5693 0.1786 11
35.0000 80.0000 3.0473 1.0905 13 32.2007 0.3041 11 25.6265 0.1703 11
35.0000 90.0000 3.3497 1.1983 10 32.2919 0.2625 10 25.6769 0.1312 10
35.0000 100.0000 3.4934 1.0631 13 32.4065 0.2202 11 25.7564 0.1151 11
35.0000 120.0000 3.8267 1.1838 8 32.5339 0.2474 7 25.8405 0.1475 7
35.0000 140.0000 -99.0000 -99.0000 1 -99.0000 -99.0000 0 -99.0000 -99.0000 0
65.0000 0.0000 3.0008 0.9913 13 31.5493 0.2005 10 25.1144 0.1861 10
65.0000 10.0000 2.9031 0.9228 15 31.5139 0.2483 13 25.1020 0.2147 13
65.0000 20.0000 2.7106 0.8037 15 31.5427 0.3172 11 25.1462 0.2406 11
65.0000 30.0000 2.5590 0.7940 15 31.6129 0.2946 12 25.2096 0.2216 12
65.0000 40.0000 2.6205 0.9024 15 31.7410 0.3030 12 25.3030 0.2198 12
65.0000 50.0000 2.7089 1.0618 15 31.8793 0.3448 12 25.3984 0.2293 12
65.0000 60.0000 2.8902 1.1456 15 32.0195 0.3713 12 25.4935 0.2372 12
65.0000 70.0000 3.1244 1.1258 14 32.1767 0.3244 12 25.6040 0.2035 12
65.0000 80.0000 3.5450 0.9866 14 32.3916 0.2807 12 25.7435 0.1866 12
65.0000 90.0000 3.7866 1.0151 13 32.4801 0.2803 13 25.7947 0.1846 13
65.0000 100.0000 3.6606 1.1219 14 32.5009 0.3022 13 25.8130 0.1912 13
65.0000 140.0000 -99.0000 -99.0000 1 -99.0000 -99.0000 1 -99.0000 -99.0000 1
65.0000 160.0000 -99.0000 -99.0000 1 -99.0000 -99.0000 0 -99.0000 -99.0000 0
100.0000 0.0000 3.1015 1.0802 12 31.4990 0.2924 11 25.0754 0.2236 11
100.0000 10.0000 2.6533 1.1135 15 31.5849 0.3037 14 25.1776 0.2289 14
100.0000 20.0000 2.4395 1.0953 15 31.7052 0.3149 13 25.2819 0.2015 13
100.0000 30.0000 2.5324 1.0186 15 31.8178 0.3503 13 25.3691 0.2248 13
100.0000 40.0000 2.8088 1.0539 15 32.0056 0.4000 13 25.4974 0.2481 13
100.0000 50.0000 3.1818 0.9804 15 32.2891 0.3283 13 25.6911 0.1959 13
100.0000 60.0000 3.6103 0.9933 15 32.5107 0.3094 13 25.8314 0.1852 13
100.0000 70.0000 3.9640 1.1278 14 32.6146 0.3505 13 25.8879 0.1961 13
100.0000 80.0000 4.1129 1.1032 15 32.7212 0.3771 13 25.9478 0.2045 13
100.0000 90.0000 4.2263 1.1923 14 32.7218 0.3990 14 25.9390 0.2150 14
100.0000 100.0000 4.6614 1.6580 15 32.9627 0.5673 15 26.0690 0.2622 15
130.0000 0.0000 4.0401 1.8801 13 32.1612 0.5262 12 25.4905 0.2860 12
130.0000 10.0000 3.9585 1.8944 14 32.1989 0.5607 14 25.5377 0.3021 14
130.0000 20.0000 4.0703 1.9963 15 32.3126 0.5777 14 25.6158 0.2662 14
130.0000 30.0000 4.5154 2.3014 15 32.5730 0.6813 14 25.7781 0.2948 14
130.0000 40.0000 5.1661 2.5936 15 32.9236 0.8373 14 25.9777 0.3611 14
130.0000 50.0000 5.8839 2.8778 15 33.2496 0.8677 14 26.1586 0.3397 14
130.0000 60.0000 6.6639 2.9239 15 33.5250 0.8618 14 26.2831 0.3211 14
130.0000 70.0000 6.8882 3.0258 13 33.7232 0.9406 12 26.3561 0.3101 12
130.0000 80.0000 7.7257 2.9281 15 33.9600 0.8701 14 26.4682 0.2835 14
130.0000 90.0000 8.0169 3.2829 12 34.1448 0.9619 12 26.5217 0.2641 12
130.0000 100.0000 8.6448 2.6690 15 34.3140 0.8031 14 26.6154 0.2461 14
130.0000 120.0000 8.6437 2.1049 14 34.5039 0.6841 14 26.7454 0.2454 14
130.0000 140.0000 8.5157 2.1911 10 34.4615 0.6502 9 26.7760 0.2391 9
130.0000 160.0000 8.8818 1.9816 11 34.5007 0.5017 9 26.8033 0.2039 9
130.0000 180.0000 8.5435 1.8730 8 34.5612 0.4311 7 26.8665 0.1869 7
130.0000 200.0000 8.8071 1.7743 6 34.7090 0.3540 6 26.9063 0.1129 6
130.0000 220.0000 -99.0000 -99.0000 3 -99.0000 -99.0000 3 -99.0000 -99.0000 3
130.0000 240.0000 -99.0000 -99.0000 2 -99.0000 -99.0000 2 -99.0000 -99.0000 2
130.0000 260.0000 -99.0000 -99.0000 1 -99.0000 -99.0000 1 -99.0000 -99.0000 1
130.0000 280.0000 -99.0000 -99.0000 1 -99.0000 -99.0000 1 -99.0000 -99.0000 1
130.0000 300.0000 -99.0000 -99.0000 1 -99.0000 -99.0000 1 -99.0000 -99.0000 1
130.0000 320.0000 -99.0000 -99.0000 1 -99.0000 -99.0000 1 -99.0000 -99.0000 1
130.0000 340.0000 -99.0000 -99.0000 1 -99.0000 -99.0000 1 -99.0000 -99.0000 1
150.0000 0.0000 4.7134 1.8035 11 32.4083 0.5385 10 25.6337 0.2383 10
150.0000 10.0000 5.0400 1.4927 10 32.4803 0.4656 10 25.6805 0.2157 10
150.0000 20.0000 5.1471 1.3876 10 32.5663 0.4668 9 25.7272 0.2079 9
150.0000 30.0000 5.3870 1.3021 10 32.7369 0.4855 10 25.8551 0.2449 10
150.0000 40.0000 6.1086 1.2425 10 33.0539 0.5317 9 26.0177 0.2559 9
150.0000 50.0000 6.1580 1.7071 11 33.2144 0.5328 10 26.1300 0.2200 10
150.0000 60.0000 7.1655 1.2079 10 33.6099 0.3818 10 26.3183 0.1465 10
150.0000 70.0000 7.4544 2.3300 9 33.8101 0.6482 8 26.4121 0.1908 8
150.0000 80.0000 8.6556 1.8367 10 34.2099 0.5820 10 26.5451 0.1950 10
150.0000 90.0000 8.9063 2.1359 8 34.3057 0.6357 7 26.5483 0.1912 7
150.0000 100.0000 9.8346 1.7896 11 34.6687 0.4989 10 26.6703 0.1417 10
150.0000 120.0000 10.6243 1.7512 9 34.9058 0.4480 9 26.7622 0.0852 9
150.0000 140.0000 10.6237 1.7658 9 35.0398 0.3823 9 26.8739 0.0805 9
150.0000 160.0000 10.8167 1.6755 8 35.1494 0.3538 8 26.9225 0.0811 8
150.0000 180.0000 10.2132 1.4561 9 35.1525 0.2579 9 27.0288 0.1177 9
150.0000 200.0000 9.8741 1.5429 10 35.1392 0.2603 9 27.0700 0.1221 9
150.0000 220.0000 9.7504 1.4020 8 35.1431 0.2301 7 27.0937 0.1000 7
150.0000 240.0000 8.8212 1.4703 8 35.0669 0.2151 8 27.1683 0.1210 8
150.0000 260.0000 8.4916 1.2706 9 35.0480 0.1785 9 27.2513 0.1211 9
150.0000 280.0000 8.0635 1.2477 7 34.9809 0.1888 6 27.2476 0.0969 6
150.0000 300.0000 7.7670 1.3054 9 35.0118 0.1779 9 27.2855 0.0930 9
150.0000 320.0000 7.5046 1.1765 8 34.9999 0.1522 8 27.3220 0.0892 8
150.0000 340.0000 7.4482 1.0122 7 34.9637 0.1562 6 27.3392 0.0794 6
150.0000 360.0000 7.2325 0.9248 9 34.9759 0.1348 8 27.3768 0.0823 8
150.0000 380.0000 7.0235 1.0208 7 34.9467 0.1512 6 27.3863 0.0730 6
150.0000 400.0000 6.8707 0.8730 8 34.9582 0.1159 8 27.4051 0.0643 8
150.0000 420.0000 6.4895 0.8742 7 34.9289 0.1102 6 27.4409 0.0759 6
150.0000 440.0000 6.1643 0.7996 7 34.9319 0.1069 7 27.4746 0.0586 7
150.0000 500.0000 5.6992 0.5376 10 34.9443 0.0784 9 27.5408 0.0458 9
150.0000 600.0000 5.2289 0.2673 7 34.9556 0.0243 6 27.6187 0.0371 6
150.0000 700.0000 4.7606 0.2128 6 34.9482 0.0195 5 27.6550 0.0330 5
150.0000 800.0000 4.5038 0.1613 8 34.9377 0.0146 8 27.6792 0.0219 8
150.0000 900.0000 -99.0000 -99.0000 4 -99.0000 -99.0000 4 -99.0000 -99.0000 4
150.0000 1000.0000 4.3102 0.1964 5 34.9379 0.0123 5 27.7039 0.0192 5
150.0000 1100.0000 -99.0000 -99.0000 3 -99.0000 -99.0000 3 -99.0000 -99.0000 3
150.0000 1200.0000 -99.0000 -99.0000 2 -99.0000 -99.0000 2 -99.0000 -99.0000 2
170.0000 0.0000 5.4132 1.3106 8 32.7189 0.5802 6 25.7861 0.3371 6
170.0000 10.0000 5.5505 1.2992 10 32.8266 0.4969 10 25.8707 0.2978 10
170.0000 20.0000 5.7151 1.4442 10 32.9629 0.5658 10 25.9639 0.3308 10
170.0000 30.0000 5.9973 1.6330 10 33.0481 0.6091 9 26.0039 0.3395 9
170.0000 40.0000 6.3721 1.7790 10 33.3335 0.7006 9 26.1587 0.3461 9
170.0000 50.0000 6.9724 1.5416 10 33.5753 0.5670 9 26.2930 0.2771 9
170.0000 60.0000 7.3743 1.4701 10 33.7839 0.6231 9 26.3824 0.3109 9
170.0000 70.0000 7.9875 1.1647 9 34.0555 0.4390 9 26.5043 0.2312 9
170.0000 80.0000 8.6327 1.4525 10 34.2499 0.5161 9 26.5733 0.2297 9
170.0000 90.0000 8.9179 1.5321 6 34.3968 0.4105 6 26.6172 0.2088 6
170.0000 100.0000 9.6901 1.6221 10 34.6818 0.4714 10 26.7298 0.2137 10
170.0000 120.0000 10.6012 1.5850 8 35.0369 0.2788 8 26.8467 0.1073 8
170.0000 140.0000 10.5087 1.7916 6 35.1621 0.2834 6 26.9548 0.1247 6
170.0000 160.0000 10.4436 1.6914 6 35.1877 0.2575 6 26.9915 0.0803 6
170.0000 180.0000 -99.0000 -99.0000 4 -99.0000 -99.0000 4 -99.0000 -99.0000 4
170.0000 200.0000 9.7734 1.4822 7 35.1757 0.2243 7 27.1178 0.1008 7
170.0000 220.0000 9.1469 1.3563 6 35.1259 0.1954 6 27.1838 0.1014 6
170.0000 240.0000 8.9800 1.1957 7 35.1043 0.1652 6 27.1722 0.0949 6
170.0000 260.0000 9.3990 1.6317 9 35.1847 0.1898 9 27.1890 0.1459 9
170.0000 280.0000 8.3001 1.1198 6 35.0931 0.1457 6 27.2960 0.0867 6
170.0000 300.0000 8.0509 0.9910 6 35.0740 0.1265 6 27.3209 0.0697 6
170.0000 320.0000 7.6895 0.8305 6 35.0585 0.1080 6 27.3646 0.0675 6
170.0000 340.0000 7.2847 0.8074 5 35.0203 0.1047 5 27.3915 0.0634 5
170.0000 360.0000 7.2273 0.7566 5 35.0205 0.1024 5 27.4013 0.0470 5
170.0000 380.0000 6.7127 0.7266 6 35.0029 0.0870 6 27.4589 0.0682 6
170.0000 400.0000 6.5419 0.7680 5 34.9752 0.1012 5 27.4588 0.0459 5
170.0000 420.0000 -99.0000 -99.0000 4 -99.0000 -99.0000 4 -99.0000 -99.0000 4
170.0000 440.0000 -99.0000 -99.0000 4 -99.0000 -99.0000 4 -99.0000 -99.0000 4
170.0000 500.0000 5.8139 0.6805 10 34.9871 0.0593 10 27.5616 0.0664 10
170.0000 600.0000 -99.0000 -99.0000 4 -99.0000 -99.0000 4 -99.0000 -99.0000 4
170.0000 700.0000 -99.0000 -99.0000 3 -99.0000 -99.0000 3 -99.0000 -99.0000 3
170.0000 800.0000 4.5350 0.1282 7 34.9608 0.0225 7 27.6971 0.0118 7
170.0000 900.0000 -99.0000 -99.0000 4 -99.0000 -99.0000 4 -99.0000 -99.0000 4
170.0000 1000.0000 4.2235 0.1054 8 34.9502 0.0158 7 27.7212 0.0162 7
170.0000 1100.0000 -99.0000 -99.0000 3 -99.0000 -99.0000 3 -99.0000 -99.0000 3
170.0000 1200.0000 -99.0000 -99.0000 3 -99.0000 -99.0000 3 -99.0000 -99.0000 3
170.0000 1300.0000 -99.0000 -99.0000 3 -99.0000 -99.0000 3 -99.0000 -99.0000 3
170.0000 1400.0000 -99.0000 -99.0000 3 -99.0000 -99.0000 3 -99.0000 -99.0000 3
170.0000 1500.0000 3.7800 0.0831 8 34.9387 0.0178 7 27.7596 0.0150 7
170.0000 1600.0000 -99.0000 -99.0000 3 -99.0000 -99.0000 3 -99.0000 -99.0000 3
170.0000 1700.0000 -99.0000 -99.0000 3 -99.0000 -99.0000 3 -99.0000 -99.0000 3
170.0000 1800.0000 3.5786 0.1010 5 34.9289 0.0136 5 27.7730 0.0041 5
170.0000 1900.0000 3.4930 0.1409 6 34.9371 0.0161 6 27.7873 0.0228 6
