0.0000 0.0000 7.1147 1.6890 28 29.7161 0.4327 27 23.2403 0.4700 27
0.0000 10.0000 7.1745 1.7326 26 29.7668 0.4469 26 23.2601 0.4796 26
0.0000 20.0000 7.0618 1.6785 28 29.8199 0.4367 27 23.3088 0.4605 27
0.0000 30.0000 6.8821 1.6142 28 29.9471 0.4125 28 23.4396 0.4320 28
0.0000 40.0000 6.4378 1.5499 24 30.1947 0.5033 24 23.6905 0.4991 24
0.0000 50.0000 5.4670 1.7438 29 30.5317 0.6286 29 24.0667 0.6282 29
0.0000 60.0000 4.3695 1.6832 25 30.9291 0.7554 25 24.4979 0.7352 25
0.0000 70.0000 3.4144 1.6280 26 31.4339 0.7403 26 24.9882 0.7151 26
0.0000 80.0000 3.0347 1.4150 22 31.5697 0.7956 22 25.1345 0.7412 22
0.0000 90.0000 3.1873 1.7407 8 31.6268 0.9920 8 25.1633 0.9288 8
0.0000 100.0000 2.6472 1.2096 7 32.0949 0.8449 7 25.5845 0.7592 7
0.0000 120.0000 2.0469 0.7816 7 32.6723 0.5449 7 26.0990 0.4017 7
0.0000 140.0000 2.3209 1.1205 7 33.1833 0.4304 7 26.4825 0.2578 7
0.0000 160.0000 2.8553 1.2383 6 33.4402 0.4431 6 26.6427 0.2475 6
15.0000 0.0000 7.7964 1.5508 17 29.7097 0.5250 17 23.1350 0.5196 17
15.0000 10.0000 7.8991 1.5720 17 29.7454 0.4630 17 23.1503 0.4633 17
15.0000 20.0000 7.5485 1.4739 17 29.9705 0.5109 17 23.3743 0.4799 17
15.0000 30.0000 7.1209 1.4118 17 30.2347 0.4791 17 23.6398 0.4330 17
15.0000 40.0000 6.3949 1.4331 16 30.5542 0.5261 16 23.9812 0.4688 16
15.0000 50.0000 5.4111 1.7376 17 31.0019 0.5704 17 24.4437 0.5506 17
15.0000 60.0000 4.1238 1.8183 16 31.3818 0.6362 16 24.8784 0.6323 16
15.0000 70.0000 3.1684 1.4801 16 31.6708 0.5533 16 25.2014 0.5412 16
15.0000 80.0000 2.2361 0.9489 16 31.9739 0.4752 16 25.5244 0.4307 16
15.0000 90.0000 1.8826 0.8989 16 32.2029 0.4756 16 25.7353 0.4295 16
15.0000 100.0000 1.8752 0.8443 17 32.5117 0.4809 17 25.9836 0.4234 17
15.0000 120.0000 2.1242 0.6363 16 32.8794 0.4363 16 26.2598 0.3270 16
15.0000 140.0000 2.6736 1.0219 16 33.2954 0.4377 16 26.5447 0.2681 16
15.0000 160.0000 3.4756 0.9921 16 33.6650 0.3729 16 26.7678 0.2076 16
15.0000 180.0000 4.4521 0.8231 12 34.0422 0.3323 12 26.9710 0.1838 12
25.0000 0.0000 6.4378 1.8014 23 30.3908 0.7475 24 23.8150 0.7248 23
25.0000 10.0000 6.2561 1.7021 25 30.4413 0.6330 26 23.8844 0.6320 25
25.0000 20.0000 5.9076 1.6106 25 30.6896 0.6480 26 24.1443 0.6306 25
25.0000 30.0000 5.4615 1.7534 23 30.9470 0.5589 24 24.4017 0.5436 23
25.0000 40.0000 4.9237 1.4052 21 31.1742 0.5457 21 24.6391 0.5076 21
25.0000 50.0000 4.0808 1.5799 26 31.4322 0.5398 27 24.9004 0.5198 26
25.0000 60.0000 3.1977 1.2745 20 31.6591 0.5122 20 25.1883 0.4965 20
25.0000 70.0000 2.2414 1.2163 20 31.9644 0.4160 20 25.5074 0.4137 20
25.0000 80.0000 1.8586 1.1182 21 32.2009 0.3587 21 25.7266 0.3566 21
25.0000 90.0000 1.6375 0.9054 19 32.3139 0.3381 19 25.8368 0.3167 19
25.0000 100.0000 1.3412 0.7513 26 32.5945 0.2812 28 26.0710 0.2613 26
25.0000 120.0000 1.3891 0.7714 21 32.8248 0.3045 21 26.2680 0.2562 21
25.0000 140.0000 1.9319 0.9471 20 33.1605 0.3237 20 26.4943 0.2076 20
25.0000 160.0000 3.0093 1.0530 22 33.5341 0.3313 23 26.7240 0.1745 22
25.0000 180.0000 3.8385 1.0511 20 33.8287 0.3014 20 26.8709 0.1388 20
25.0000 200.0000 4.6361 0.9084 24 34.0871 0.3054 25 27.0068 0.1468 24
25.0000 220.0000 5.1105 0.6882 19 34.2821 0.2185 19 27.0918 0.1115 19
25.0000 240.0000 5.3431 0.5622 18 34.4238 0.1742 18 27.1721 0.0965 18
25.0000 260.0000 5.4277 0.4346 21 34.5112 0.1493 21 27.2346 0.0918 21
25.0000 280.0000 5.5043 0.3591 19 34.6011 0.1147 19 27.2962 0.0810 19
25.0000 300.0000 5.5368 0.2716 15 34.6389 0.1097 16 27.3337 0.0887 15
25.0000 320.0000 5.5305 0.2136 13 34.7292 0.0805 12 27.3940 0.0761 12
25.0000 340.0000 5.5496 0.1919 6 34.7053 0.0620 5 27.3786 0.0375 6
25.0000 360.0000 5.5091 0.0891 3 34.7671 0.0608 5 27.4326 0.0774 3
25.0000 380.0000 5.4550 0.1064 3 34.7972 0.0593 4 27.4633 0.0709 3
45.0000 0.0000 5.8396 1.6905 27 31.1730 0.5387 28 24.5383 0.5058 27
45.0000 10.0000 5.8032 1.7012 24 31.0948 0.6058 24 24.4663 0.5914 23
45.0000 20.0000 5.7526 1.7220 25 31.2263 0.5207 26 24.5924 0.5169 25
45.0000 30.0000 5.3925 1.7191 26 31.3863 0.5171 27 24.7608 0.5128 26
45.0000 40.0000 4.9234 1.5083 23 31.5765 0.4156 23 24.9540 0.4074 23
45.0000 50.0000 3.6695 1.4756 28 31.8640 0.3861 29 25.3003 0.3989 28
45.0000 60.0000 2.5674 1.2382 22 32.0747 0.2844 22 25.5726 0.3048 22
45.0000 70.0000 1.6968 0.9090 23 32.3199 0.1797 23 25.8397 0.1919 23
45.0000 80.0000 1.2614 0.6958 22 32.4762 0.1642 22 25.9959 0.1559 22
45.0000 90.0000 1.0555 0.5895 22 32.5507 0.1537 22 26.0707 0.1327 22
45.0000 100.0000 0.9392 0.5343 28 32.7118 0.1637 29 26.2036 0.1259 28
45.0000 120.0000 1.0886 0.7113 22 32.9104 0.1965 22 26.3558 0.1267 22
45.0000 140.0000 1.8016 0.9459 22 33.1885 0.2484 22 26.5278 0.1388 22
45.0000 160.0000 2.8090 0.9766 23 33.4951 0.2275 24 26.7026 0.1171 23
45.0000 180.0000 3.9636 0.9307 22 33.8444 0.2286 22 26.8635 0.1142 22
45.0000 200.0000 4.8893 0.8468 28 34.1192 0.2017 29 26.9908 0.0907 28
45.0000 220.0000 5.2709 0.6600 21 34.2952 0.1612 21 27.0814 0.0762 21
45.0000 240.0000 5.5418 0.4975 23 34.4291 0.1226 23 27.1559 0.0622 23
45.0000 260.0000 5.6954 0.3918 23 34.5322 0.1045 24 27.2261 0.0573 23
45.0000 280.0000 5.7252 0.3435 21 34.6170 0.0826 21 27.2840 0.0507 21
45.0000 300.0000 5.6944 0.2848 26 34.6807 0.0693 27 27.3412 0.0466 26
45.0000 320.0000 5.6283 0.2741 21 34.7263 0.0556 21 27.3828 0.0436 21
45.0000 340.0000 5.5042 0.2184 22 34.7492 0.0636 23 27.4175 0.0457 22
45.0000 360.0000 5.4080 0.1841 22 34.7783 0.0567 23 27.4537 0.0398 22
45.0000 380.0000 5.3373 0.1680 21 34.8152 0.0334 21 27.4889 0.0243 21
45.0000 400.0000 5.2441 0.1642 26 34.8257 0.0488 27 27.5096 0.0362 26
45.0000 420.0000 5.1902 0.1839 21 34.8473 0.0323 21 27.5317 0.0242 21
45.0000 440.0000 5.1638 0.1729 21 34.8504 0.0382 21 27.5380 0.0258 21
45.0000 500.0000 5.1019 0.1248 22 34.8480 0.0292 23 27.5442 0.0165 22
75.0000 0.0000 5.8610 1.4994 26 31.6356 0.2611 28 24.8941 0.3229 26
75.0000 10.0000 5.4790 1.7259 23 31.5553 0.4397 24 24.9261 0.3410 22
75.0000 20.0000 5.8063 1.4293 23 31.6321 0.3331 25 24.9509 0.3096 23
75.0000 30.0000 5.5004 1.4806 25 31.7458 0.2743 27 25.0590 0.3056 25
75.0000 40.0000 4.7734 1.2446 21 31.9008 0.2135 21 25.2326 0.2474 21
75.0000 50.0000 3.4720 1.2262 26 32.1812 0.2768 28 25.5995 0.2900 26
75.0000 60.0000 2.4066 0.9102 21 32.3661 0.1680 21 25.8234 0.1914 21
75.0000 70.0000 1.6875 0.7450 22 32.5237 0.1733 22 26.0051 0.1819 22
75.0000 80.0000 1.2023 0.4825 22 32.6309 0.1426 22 26.1260 0.1261 22
75.0000 90.0000 0.9805 0.4394 21 32.6981 0.1425 21 26.1943 0.1166 21
75.0000 100.0000 0.9576 0.5684 26 32.8330 0.1867 28 26.3086 0.1353 26
75.0000 120.0000 1.1482 0.6824 22 33.0254 0.1766 22 26.4433 0.1070 22
75.0000 140.0000 2.0083 1.0810 23 33.3056 0.2800 25 26.5808 0.1369 23
75.0000 160.0000 3.3379 1.1828 23 33.6303 0.2641 25 26.7485 0.1298 23
75.0000 180.0000 4.4896 1.0417 22 33.9665 0.2449 22 26.9036 0.1040 22
75.0000 200.0000 5.5087 0.7753 27 34.2640 0.1752 29 27.0364 0.0824 27
75.0000 220.0000 5.8887 0.6275 23 34.4281 0.1220 23 27.1120 0.0617 23
75.0000 240.0000 5.9562 0.4717 20 34.5205 0.0880 22 27.1830 0.0618 20
75.0000 260.0000 5.9982 0.4264 21 34.6059 0.0814 23 27.2443 0.0599 21
75.0000 280.0000 5.9701 0.4279 21 34.6724 0.0767 21 27.2964 0.0618 21
75.0000 300.0000 5.8089 0.3200 25 34.7172 0.0691 27 27.3575 0.0508 25
75.0000 320.0000 5.6506 0.2913 21 34.7492 0.0638 21 27.3979 0.0451 21
75.0000 340.0000 5.4908 0.2319 20 34.7781 0.0512 21 27.4412 0.0436 20
75.0000 360.0000 5.3621 0.1779 20 34.8002 0.0523 21 27.4794 0.0399 20
75.0000 380.0000 5.2548 0.1573 20 34.8301 0.0420 20 27.5107 0.0355 20
75.0000 400.0000 5.1736 0.1495 24 34.8417 0.0476 26 27.5356 0.0293 24
75.0000 420.0000 5.1105 0.1668 20 34.8628 0.0334 20 27.5534 0.0268 20
75.0000 440.0000 5.0686 0.1458 18 34.8544 0.0502 19 27.5599 0.0296 18
75.0000 500.0000 5.0412 0.1511 25 34.8499 0.0559 27 27.5588 0.0301 25
105.0000 0.0000 5.6872 1.6279 29 31.6824 0.3124 29 24.9543 0.4045 29
105.0000 10.0000 5.7116 1.7107 24 31.7420 0.3234 24 24.9970 0.4261 24
105.0000 20.0000 5.2964 1.9511 29 31.8206 0.3551 29 25.1013 0.4701 29
105.0000 30.0000 5.1201 1.9463 27 31.8543 0.3469 27 25.1468 0.4565 27
105.0000 40.0000 4.5561 2.0292 27 31.9781 0.3688 27 25.3036 0.4755 27
105.0000 50.0000 4.1106 1.9317 28 32.0867 0.3614 28 25.4374 0.4646 28
105.0000 60.0000 3.6517 1.8934 26 32.2341 0.3771 26 25.5992 0.4709 26
105.0000 70.0000 3.4118 1.6655 26 32.3367 0.4043 26 25.7071 0.4498 26
105.0000 80.0000 2.9553 1.5141 26 32.4583 0.4186 26 25.8460 0.4165 26
105.0000 90.0000 2.5317 1.3356 26 32.5553 0.3992 26 25.9621 0.3629 26
105.0000 100.0000 1.9436 1.0617 29 32.7358 0.3505 28 26.1543 0.2664 28
105.0000 120.0000 1.6495 1.0621 27 32.8974 0.3726 27 26.3044 0.2508 27
105.0000 140.0000 1.7799 1.2626 27 33.0833 0.4351 27 26.4411 0.2670 27
105.0000 160.0000 2.2570 1.4537 26 33.3044 0.4455 26 26.5779 0.2454 26
105.0000 180.0000 3.1561 1.4804 27 33.6155 0.4433 27 26.7485 0.2298 27
105.0000 200.0000 4.1504 1.3575 28 33.9219 0.4058 28 26.8995 0.1982 28
105.0000 220.0000 4.8840 1.2668 25 34.1638 0.3718 25 27.0148 0.1764 25
105.0000 240.0000 5.4566 0.8439 23 34.4038 0.2778 23 27.1438 0.1439 23
105.0000 260.0000 5.6435 0.6665 14 34.5233 0.2359 14 27.2205 0.1246 14
105.0000 280.0000 6.0860 -99.0000 1 34.5444 -99.0000 1 27.1815 -99.0000 1
105.0000 300.0000 6.0870 -99.0000 1 34.5890 -99.0000 1 27.2165 -99.0000 1
105.0000 320.0000 5.9905 -99.0000 1 34.6804 -99.0000 1 27.3020 -99.0000 1
105.0000 340.0000 5.8109 -99.0000 1 34.7381 -99.0000 1 27.3681 -99.0000 1
