0.0000 0.0000 12.4592 1.6959 11 28.9365 0.5294 10 21.7293 0.5617 10
0.0000 10.0000 11.9515 1.3931 11 29.1706 0.6548 11 22.0664 0.7152 11
0.0000 20.0000 11.5160 1.6446 11 29.3055 0.7848 11 22.2460 0.8682 11
0.0000 30.0000 10.7625 1.8854 12 29.6824 0.7575 12 22.6605 0.8515 12
0.0000 40.0000 8.2434 2.8619 12 30.2852 0.8363 12 23.4917 1.0183 12
0.0000 50.0000 5.3871 2.4962 12 30.9500 0.7484 12 24.3839 0.8463 12
0.0000 60.0000 3.0910 2.0278 13 31.5555 0.7361 12 25.0966 0.7843 12
0.0000 70.0000 2.3380 1.8390 11 31.9503 0.7254 11 25.4868 0.7333 11
0.0000 80.0000 2.0332 1.3536 10 32.2059 0.6001 10 25.7214 0.5552 10
0.0000 90.0000 1.8171 0.9929 3 32.3376 0.0175 2 25.8763 0.0514 2
0.0000 100.0000 1.1660 0.3672 4 32.5173 -99.0000 1 26.0677 -99.0000 1
0.0000 120.0000 1.6724 1.2056 2 32.9125 0.2509 2 26.3177 0.1163 2
0.0000 140.0000 2.5663 1.0092 2 33.3339 0.2489 2 26.5883 0.1154 2
0.0000 160.0000 3.1625 1.1985 2 33.5775 0.3429 2 26.7325 0.1661 2
15.0000 0.0000 11.6252 1.7482 12 29.3801 0.7631 10 22.2433 0.8066 10
15.0000 10.0000 11.3622 1.5973 13 29.6217 0.6506 12 22.5416 0.7201 12
15.0000 20.0000 11.0032 1.4436 13 29.8091 0.5867 12 22.7524 0.6310 12
15.0000 30.0000 9.0578 2.2690 13 30.2457 0.7338 12 23.3803 0.8489 12
15.0000 40.0000 6.3993 3.3353 13 30.7554 0.8785 12 24.0578 1.0715 12
15.0000 50.0000 3.3933 2.3226 13 31.4371 0.7022 12 24.9606 0.7900 12
15.0000 60.0000 2.4831 1.6850 13 31.8946 0.5720 12 25.4229 0.5996 12
15.0000 70.0000 1.8826 1.2006 12 32.1199 0.5324 11 25.6588 0.4956 11
15.0000 80.0000 1.6402 0.9931 13 32.2693 0.4831 12 25.7988 0.4333 12
15.0000 90.0000 1.4234 0.8153 12 32.3747 0.4918 11 25.9012 0.4192 11
15.0000 100.0000 1.4302 0.5941 13 32.6146 0.4863 12 26.0951 0.3872 12
15.0000 120.0000 1.9065 0.8549 12 32.9901 0.5414 11 26.3588 0.3905 11
15.0000 140.0000 2.8628 0.7643 12 33.4359 0.3487 11 26.6396 0.2220 11
15.0000 160.0000 3.7344 0.7429 12 33.7863 0.3226 11 26.8424 0.1916 11
15.0000 180.0000 4.3552 0.6050 10 34.0938 0.2137 7 27.0032 0.1283 7
15.0000 200.0000 4.8675 -99.0000 1 34.1035 -99.0000 1 26.9795 -99.0000 1
15.0000 220.0000 5.4489 0.0663 4 34.3722 0.1240 2 27.1319 0.0962 2
15.0000 240.0000 5.3699 -99.0000 1 -99.0000 -99.0000 0 -99.0000 -99.0000 0
25.0000 0.0000 10.8973 1.9559 11 29.8437 0.8770 11 22.7644 0.8652 11
25.0000 10.0000 10.3592 1.4756 10 30.0910 0.8611 10 23.0538 0.7946 10
25.0000 20.0000 9.8473 1.9273 12 30.4439 0.8497 12 23.4027 0.9030 12
25.0000 30.0000 7.3635 2.5589 11 30.9228 0.8580 11 24.1251 0.8964 11
25.0000 40.0000 4.8510 2.2966 12 31.4449 0.6641 12 24.8397 0.7368 12
25.0000 50.0000 2.9885 2.1661 11 31.8813 0.6258 11 25.3736 0.7122 11
25.0000 60.0000 2.1441 1.5369 11 32.1133 0.5399 11 25.6349 0.5555 11
25.0000 70.0000 1.4130 1.2427 9 32.2695 0.4344 9 25.8160 0.3925 9
25.0000 80.0000 1.1418 0.9184 9 32.3878 0.3645 9 25.9316 0.3135 9
25.0000 90.0000 1.0324 0.6926 9 32.5223 0.3200 9 26.0483 0.2535 9
25.0000 100.0000 1.0801 0.7100 11 32.6732 0.3265 11 26.1653 0.2471 11
25.0000 120.0000 1.7514 0.9570 11 32.9868 0.3311 11 26.3708 0.2158 11
25.0000 140.0000 2.2818 0.8025 10 33.2445 0.3047 10 26.5385 0.1942 10
25.0000 160.0000 3.4584 1.0976 11 33.6364 0.3465 11 26.7461 0.1854 11
25.0000 180.0000 4.2911 0.9345 10 33.9221 0.2731 10 26.8927 0.1263 10
25.0000 200.0000 4.9425 0.6577 10 34.1864 0.1813 10 27.0346 0.0878 10
25.0000 220.0000 5.2155 0.5907 11 34.3384 0.1656 11 27.1240 0.0994 11
25.0000 240.0000 5.4206 0.5913 9 34.4305 0.1544 9 27.1720 0.0985 9
25.0000 260.0000 5.4999 0.3923 9 34.5154 0.1350 9 27.2312 0.0982 9
25.0000 280.0000 5.5302 0.2925 9 34.5730 0.1147 9 27.2733 0.0931 9
25.0000 300.0000 5.5353 0.2656 10 34.6493 0.1113 10 27.3339 0.0941 10
25.0000 320.0000 5.5125 0.2461 10 34.7017 0.0915 10 27.3777 0.0773 10
25.0000 340.0000 5.4881 0.1904 7 34.6998 0.0720 7 27.3784 0.0521 7
25.0000 380.0000 5.4088 0.0500 3 34.7933 -99.0000 1 27.4533 -99.0000 1
45.0000 0.0000 9.5550 1.4686 11 30.9576 0.6271 11 23.8583 0.5837 11
45.0000 10.0000 9.0437 1.5260 8 31.2096 0.4694 8 24.1345 0.4928 8
45.0000 20.0000 8.2252 1.7811 10 31.4648 0.3555 10 24.4445 0.4261 10
45.0000 30.0000 6.6687 2.8427 10 31.7675 0.3627 10 24.8746 0.6044 10
45.0000 40.0000 4.3839 2.0896 11 32.0396 0.3512 11 25.3655 0.4504 11
45.0000 50.0000 2.5641 1.2517 10 32.2461 0.2776 10 25.7125 0.3266 10
45.0000 60.0000 1.4706 0.7004 8 32.3950 0.2018 8 25.9193 0.1766 8
45.0000 70.0000 1.2153 0.4550 8 32.5212 0.1593 8 26.0381 0.1396 8
45.0000 80.0000 1.1720 0.5097 10 32.6284 0.1958 10 26.1261 0.1531 10
45.0000 90.0000 1.0127 0.3438 7 32.6642 0.1324 7 26.1653 0.1128 7
45.0000 100.0000 1.1599 0.5086 9 32.7757 0.1606 9 26.2458 0.1246 9
45.0000 120.0000 1.6406 1.0174 9 33.0670 0.2687 9 26.4418 0.1485 9
45.0000 140.0000 2.3858 1.0370 7 33.3222 0.2080 7 26.5901 0.0963 7
45.0000 160.0000 3.5379 0.9712 8 33.6666 0.2168 8 26.7637 0.0967 8
45.0000 180.0000 4.7124 0.8158 9 34.0285 0.1923 9 26.9338 0.0949 9
45.0000 200.0000 5.2217 0.6551 9 34.2110 0.1472 9 27.0213 0.0697 9
45.0000 220.0000 5.5527 0.4508 8 34.3708 0.0988 8 27.1100 0.0583 8
45.0000 240.0000 5.7606 0.5142 8 34.5219 0.1258 8 27.2032 0.0630 8
45.0000 260.0000 5.8036 0.4321 8 34.5947 0.0990 8 27.2567 0.0530 8
45.0000 280.0000 5.7588 0.3662 8 34.6558 0.0908 8 27.3107 0.0512 8
45.0000 300.0000 5.6805 0.2491 9 34.7021 0.0728 9 27.3578 0.0447 9
45.0000 320.0000 5.4750 0.1594 7 34.7356 0.0739 7 27.4088 0.0509 7
45.0000 340.0000 5.3600 0.1594 7 34.7740 0.0613 7 27.4533 0.0461 7
45.0000 360.0000 5.2736 0.1466 7 34.8020 0.0515 7 27.4863 0.0392 7
45.0000 380.0000 5.2187 0.1324 8 34.8206 0.0496 7 27.5107 0.0392 7
45.0000 400.0000 5.1363 0.1163 7 34.8363 0.0409 7 27.5300 0.0314 7
45.0000 420.0000 5.0780 0.1219 7 34.8454 0.0351 7 27.5438 0.0257 7
45.0000 440.0000 5.0329 0.1296 8 34.8510 0.0302 8 27.5534 0.0220 8
45.0000 500.0000 5.0356 0.1038 11 34.8540 0.0268 11 27.5554 0.0193 11
75.0000 0.0000 9.1806 1.3831 9 31.3608 0.4478 7 24.1852 0.4026 7
75.0000 10.0000 8.8015 1.5048 9 31.6023 0.2535 9 24.4867 0.3418 9
75.0000 20.0000 7.6506 2.8243 9 31.7294 0.2644 8 24.7452 0.5078 8
75.0000 30.0000 6.1236 3.4098 9 31.8871 0.2718 9 24.9991 0.5704 9
75.0000 40.0000 4.8570 3.0105 10 32.0522 0.2311 10 25.2755 0.4928 10
75.0000 50.0000 2.6809 1.2852 10 32.2886 0.1588 10 25.7282 0.2174 10
75.0000 60.0000 1.5729 0.6710 9 32.4312 0.1531 9 25.9384 0.1429 9
75.0000 70.0000 1.2476 0.5571 8 32.5597 0.1297 7 26.0660 0.1135 7
75.0000 80.0000 1.1473 0.4783 10 32.6308 0.1279 9 26.1304 0.1087 9
75.0000 90.0000 1.0697 0.6159 8 32.7485 0.1511 7 26.2277 0.1120 7
75.0000 100.0000 1.1717 0.4908 9 32.8527 0.1722 9 26.3064 0.1271 9
75.0000 120.0000 1.7627 0.6331 9 33.1445 0.2354 8 26.4951 0.1529 8
75.0000 140.0000 2.9152 0.7325 8 33.5061 0.2327 7 26.6862 0.1314 7
75.0000 160.0000 3.8845 0.7422 9 33.7579 0.2519 8 26.8004 0.1355 8
75.0000 180.0000 4.7015 0.6504 9 34.0034 0.1996 9 26.9211 0.1045 9
75.0000 200.0000 5.5600 0.5647 10 34.2992 0.1524 9 27.0521 0.0826 9
75.0000 220.0000 5.7481 0.3734 8 34.4435 0.1149 8 27.1476 0.0703 8
75.0000 240.0000 5.9592 0.3638 9 34.5631 0.0767 8 27.2175 0.0552 8
75.0000 260.0000 5.9377 0.3953 8 34.6322 0.0695 7 27.2780 0.0452 7
75.0000 280.0000 5.8337 0.2972 8 34.6946 0.0710 8 27.3350 0.0449 8
75.0000 300.0000 5.7828 0.3074 9 34.7292 0.0563 8 27.3719 0.0391 8
75.0000 320.0000 5.6010 0.2159 8 34.7616 0.0497 7 27.4194 0.0297 7
75.0000 340.0000 5.4738 0.1868 8 34.7918 0.0457 7 27.4589 0.0293 7
75.0000 360.0000 5.3465 0.1679 8 34.8173 0.0381 7 27.4946 0.0225 7
75.0000 380.0000 5.2283 0.1559 8 34.8361 0.0327 7 27.5232 0.0170 7
75.0000 400.0000 5.1318 0.1384 8 34.8479 0.0306 7 27.5425 0.0161 7
75.0000 420.0000 5.0575 0.1239 8 34.8555 0.0307 7 27.5567 0.0166 7
75.0000 440.0000 5.0142 0.1480 7 34.8596 0.0318 7 27.5622 0.0201 7
75.0000 500.0000 4.9949 0.1347 10 34.8621 0.0270 10 27.5671 0.0203 10
105.0000 0.0000 7.6077 2.4807 9 31.5662 0.6212 8 24.5677 0.7909 8
105.0000 10.0000 7.4036 2.5719 10 31.7175 0.4705 10 24.7496 0.6831 10
105.0000 20.0000 6.1273 2.8729 10 31.9403 0.4327 10 25.0780 0.6681 10
105.0000 30.0000 5.1481 2.7458 11 32.1101 0.3815 11 25.3289 0.6016 11
105.0000 40.0000 4.3992 2.6108 11 32.2172 0.3540 11 25.4970 0.5513 11
105.0000 50.0000 3.5714 2.4963 10 32.3244 0.3400 10 25.6668 0.5268 10
105.0000 60.0000 3.1545 2.2759 11 32.3740 0.3002 11 25.7470 0.4586 11
105.0000 70.0000 2.5335 1.9953 10 32.4518 0.2940 10 25.8670 0.4151 10
105.0000 80.0000 2.1323 1.5883 10 32.5192 0.2828 10 25.9601 0.3510 10
105.0000 90.0000 1.6707 1.2169 8 32.6092 0.2805 8 26.0721 0.3032 8
105.0000 100.0000 1.6333 0.8294 10 32.6837 0.2355 10 26.1377 0.2295 10
105.0000 120.0000 1.6827 0.4815 11 32.8899 0.2506 11 26.3028 0.1990 11
105.0000 140.0000 2.5427 0.9102 10 33.2728 0.3127 10 26.5390 0.1880 10
105.0000 160.0000 3.2350 1.1748 11 33.5250 0.3324 11 26.6757 0.1693 11
105.0000 180.0000 4.3198 1.0928 10 33.8913 0.2656 10 26.8628 0.1082 10
105.0000 200.0000 5.2627 0.9230 9 34.2395 0.2072 9 27.0358 0.0652 9
105.0000 220.0000 5.9023 0.6100 9 34.4954 0.1299 9 27.1634 0.0558 9
105.0000 240.0000 5.9934 0.4402 9 34.5872 0.0928 9 27.2269 0.0625 9
105.0000 260.0000 5.8613 0.4126 9 34.6108 0.1078 9 27.2622 0.0597 9
105.0000 280.0000 5.8577 -99.0000 1 34.7129 -99.0000 1 27.3437 -99.0000 1
105.0000 300.0000 5.8143 -99.0000 1 34.7734 -99.0000 1 27.3984 -99.0000 1
105.0000 320.0000 5.7358 -99.0000 1 34.8204 -99.0000 1 27.4445 -99.0000 1
105.0000 340.0000 5.6724 -99.0000 1 34.8412 -99.0000 1 27.4679 -99.0000 1
105.0000 360.0000 5.5981 -99.0000 1 34.8537 -99.0000 1 27.4875 -99.0000 1
105.0000 380.0000 5.4616 -99.0000 1 34.8733 -99.0000 1 27.5200 -99.0000 1
105.0000 400.0000 5.3700 -99.0000 1 34.8800 -99.0000 1 27.5400 -99.0000 1
