105.0000 20.0000 5.1453 2.2121 14 31.6483 0.2419 13 25.0077 0.3539 13
105.0000 30.0000 3.7659 2.1031 14 31.8826 0.2112 13 25.3459 0.2790 13
105.0000 40.0000 2.6250 1.8977 12 32.0017 0.1375 11 25.5418 0.1963 11
105.0000 50.0000 1.6006 1.0610 14 32.1400 0.1535 13 25.7159 0.1554 13
105.0000 60.0000 1.0900 0.8307 12 32.2120 0.1336 11 25.7995 0.1389 11
105.0000 70.0000 0.9300 0.7127 12 32.2860 0.1287 11 25.8647 0.1301 11
105.0000 80.0000 0.8522 0.6263 12 32.3508 0.1125 11 25.9214 0.1133 11
105.0000 90.0000 0.8800 0.6451 12 32.4001 0.1052 11 25.9588 0.1094 11
105.0000 100.0000 0.9093 0.5924 14 32.5431 0.1076 13 26.0719 0.1020 13
105.0000 120.0000 1.2064 0.6610 12 32.7663 0.1939 11 26.2303 0.1361 11
105.0000 140.0000 1.8478 0.8519 12 33.0582 0.2138 11 26.4187 0.1256 11
105.0000 160.0000 2.7325 1.0720 12 33.3987 0.2786 11 26.6188 0.1382 11
105.0000 180.0000 3.9630 0.9094 12 33.8032 0.2387 11 26.8298 0.1000 11
105.0000 200.0000 4.8589 0.8122 14 34.1316 0.2551 13 26.9959 0.1193 13
105.0000 220.0000 5.5319 0.4809 12 34.3866 0.1522 11 27.1192 0.0750 11
105.0000 240.0000 5.8087 0.3510 10 34.5537 0.1396 10 27.2234 0.0811 10
105.0000 260.0000 5.7476 0.6032 4 34.5751 0.1192 4 27.2475 0.0310 4
0.0000 0.0000 9.3036 2.2066 16 29.9653 0.3894 13 23.1290 0.6094 13
0.0000 10.0000 8.2562 1.9598 15 30.0962 0.3904 12 23.3903 0.5278 12
0.0000 20.0000 7.0208 2.7296 16 30.3292 0.5127 13 23.7022 0.7458 13
0.0000 30.0000 5.2665 2.9609 16 30.6230 0.5439 13 24.1339 0.7690 13
0.0000 40.0000 3.1002 1.8685 14 30.9673 0.4294 11 24.6166 0.5322 11
0.0000 50.0000 1.9684 1.4260 16 31.3326 0.3391 13 25.0117 0.3693 13
0.0000 60.0000 1.0748 0.9179 14 31.6909 0.3423 11 25.3714 0.3200 11
0.0000 70.0000 0.8062 0.5109 15 32.0565 0.3218 12 25.6874 0.2538 12
0.0000 80.0000 0.8338 0.4759 13 32.2496 0.3094 10 25.8460 0.2397 10
0.0000 90.0000 1.2304 0.4243 6 32.4603 0.2926 3 26.0002 0.2093 3
0.0000 100.0000 1.3914 0.4138 5 32.7083 0.2048 3 26.1840 0.1383 3
0.0000 120.0000 2.0294 0.5791 2 33.0845 0.1011 2 26.4329 0.0374 2
0.0000 140.0000 2.9067 0.2542 2 33.4682 0.0364 2 26.6695 0.0502 2
0.0000 160.0000 3.1481 0.2996 2 33.5687 0.0123 2 26.7287 0.0406 2
15.0000 0.0000 8.7264 2.4645 12 30.1992 0.4965 12 23.3929 0.7161 12
15.0000 10.0000 7.4628 1.9564 11 30.4332 0.4763 11 23.7460 0.5997 11
15.0000 20.0000 6.4451 2.3878 12 30.6611 0.5398 12 24.0751 0.6988 12
15.0000 30.0000 4.0480 1.8682 12 30.9995 0.4870 12 24.6079 0.5371 12
15.0000 40.0000 2.0137 1.4954 10 31.3683 0.3965 10 25.0663 0.3670 10
15.0000 50.0000 1.0687 0.9836 12 31.6187 0.3087 12 25.3225 0.2535 12
15.0000 60.0000 0.7245 0.8464 10 31.8546 0.2671 10 25.5299 0.2116 10
15.0000 70.0000 0.4970 0.6514 10 32.0764 0.1913 10 25.7186 0.1501 10
15.0000 80.0000 0.5713 0.6090 10 32.2818 0.1793 10 25.8823 0.1368 10
15.0000 90.0000 0.7304 0.5580 10 32.4328 0.1625 10 25.9946 0.1263 10
15.0000 100.0000 1.1443 0.6299 12 32.6985 0.2078 12 26.1829 0.1460 12
15.0000 120.0000 1.9358 0.9076 10 33.0455 0.2933 10 26.4065 0.1792 10
15.0000 140.0000 2.9948 0.9512 10 33.4890 0.3261 10 26.6724 0.1808 10
15.0000 160.0000 3.8991 0.7037 9 33.8269 0.2386 9 26.8623 0.1254 9
15.0000 180.0000 4.4360 0.7020 10 34.0337 0.3341 9 26.9746 0.1907 9
25.0000 0.0000 8.3983 2.8896 10 30.4422 0.7669 10 23.6037 0.9914 10
25.0000 10.0000 7.8310 2.8741 9 30.5987 0.7042 9 23.8033 0.9306 9
25.0000 20.0000 5.3878 2.3422 10 31.0451 0.5753 10 24.4735 0.6871 10
25.0000 30.0000 3.4298 1.8790 10 31.3484 0.4629 10 24.9103 0.4504 10
25.0000 40.0000 1.5590 1.1133 8 31.6459 0.3934 8 25.3098 0.3201 8
25.0000 50.0000 1.1033 0.7272 10 31.9026 0.2368 10 25.5504 0.1791 10
25.0000 60.0000 0.6630 0.6156 8 32.0695 0.2060 8 25.7067 0.1644 8
25.0000 70.0000 0.5515 0.4925 8 32.2171 0.1889 8 25.8309 0.1389 8
25.0000 80.0000 0.6020 0.5080 7 32.3854 0.1406 7 25.9640 0.1027 7
25.0000 90.0000 0.7055 0.5466 7 32.4934 0.1561 7 26.0452 0.1149 7
25.0000 100.0000 1.0797 0.5396 10 32.6533 0.1496 10 26.1522 0.1015 10
25.0000 120.0000 1.6281 0.3353 7 33.0090 0.1353 7 26.4017 0.0931 7
25.0000 140.0000 2.5952 0.4042 8 33.3595 0.1238 8 26.6089 0.0782 8
25.0000 160.0000 3.6195 0.5199 8 33.7133 0.1176 8 26.7990 0.0579 8
25.0000 180.0000 4.2711 0.4481 8 33.9424 0.1193 8 26.9158 0.0581 8
25.0000 200.0000 4.8171 0.4188 9 34.1473 0.1402 9 27.0192 0.0771 9
25.0000 220.0000 5.1522 0.2989 7 34.2552 0.0702 7 27.0660 0.0432 7
25.0000 240.0000 5.4458 0.2945 7 34.3858 0.0442 7 27.1356 0.0431 7
25.0000 260.0000 5.6801 0.3182 8 34.5239 0.0619 8 27.2164 0.0577 8
25.0000 280.0000 5.6871 0.2656 7 34.5871 0.0480 7 27.2652 0.0529 7
25.0000 300.0000 5.6002 0.2194 9 34.6540 0.0766 9 27.3298 0.0718 9
25.0000 320.0000 5.4995 0.1853 10 34.7072 0.0919 10 27.3828 0.0837 10
25.0000 340.0000 5.3839 0.1605 2 34.7802 0.0053 2 27.4549 0.0141 2
25.0000 360.0000 5.3377 0.1806 2 34.8032 0.0187 2 27.4782 0.0024 2
25.0000 380.0000 5.4549 -99.0000 1 34.8300 -99.0000 1 27.4899 -99.0000 1
45.0000 0.0000 7.8530 2.0075 16 31.0482 0.5645 11 24.1823 0.6517 11
45.0000 10.0000 6.6245 1.1227 15 31.2782 0.3197 9 24.5532 0.3195 9
45.0000 20.0000 4.5534 2.2437 16 31.4782 0.3684 11 24.9137 0.5525 11
45.0000 30.0000 2.5245 1.7925 15 31.7508 0.3026 11 25.3157 0.3317 11
45.0000 40.0000 1.0322 1.0630 12 31.9523 0.2809 8 25.5751 0.2776 8
45.0000 50.0000 0.7617 0.8987 16 32.1202 0.1968 10 25.7255 0.1778 10
45.0000 60.0000 0.3842 0.7991 12 32.2639 0.1992 8 25.8714 0.1771 8
45.0000 70.0000 0.3584 0.7273 12 32.3631 0.2041 7 25.9490 0.1774 7
45.0000 80.0000 0.5030 0.6848 12 32.5186 0.2127 8 26.0730 0.1834 8
45.0000 90.0000 0.6793 0.8030 12 32.5801 0.2267 7 26.1091 0.1854 7
45.0000 100.0000 1.1205 0.7217 16 32.8028 0.1937 11 26.2674 0.1482 11
45.0000 120.0000 1.7340 0.7195 12 33.0455 0.2326 8 26.4358 0.1442 8
45.0000 140.0000 2.7206 0.8477 12 33.3883 0.2857 8 26.6273 0.1523 8
45.0000 160.0000 3.7540 0.7773 13 33.6674 0.2296 8 26.7718 0.1083 8
45.0000 180.0000 4.7895 0.7462 13 33.9908 0.1831 8 26.9268 0.0698 8
45.0000 200.0000 5.3431 0.5480 15 34.2743 0.1496 10 27.0603 0.0588 10
45.0000 220.0000 5.6360 0.5631 12 34.4156 0.1461 7 27.1315 0.0460 7
45.0000 240.0000 5.8171 0.4758 13 34.5528 0.1327 9 27.2129 0.0498 9
45.0000 260.0000 5.7579 0.4022 12 34.5963 0.1129 7 27.2688 0.0613 7
45.0000 280.0000 5.6755 0.3144 13 34.6516 0.0845 8 27.3223 0.0502 8
45.0000 300.0000 5.6259 0.2426 15 34.7167 0.0736 9 27.3780 0.0464 9
45.0000 320.0000 5.5192 0.2283 13 34.7419 0.0585 8 27.4120 0.0409 8
45.0000 340.0000 5.3840 0.1983 13 34.7718 0.0519 8 27.4514 0.0341 8
45.0000 360.0000 5.2994 0.1818 12 34.8038 0.0420 7 27.4852 0.0317 7
45.0000 380.0000 5.2238 0.1937 12 34.8206 0.0358 7 27.5087 0.0229 7
45.0000 400.0000 5.1286 0.1820 15 34.8456 0.0364 10 27.5380 0.0266 10
45.0000 420.0000 5.1099 0.1893 12 34.8457 0.0345 8 27.5385 0.0185 8
45.0000 440.0000 5.1222 0.1945 12 34.8458 0.0358 7 27.5410 0.0204 7
45.0000 500.0000 5.1213 0.1539 13 34.8549 0.0375 10 27.5493 0.0267 10
75.0000 0.0000 6.7869 1.9181 14 31.4244 0.3857 12 24.5895 0.5123 12
75.0000 10.0000 6.2350 2.1429 13 31.4536 0.3816 12 24.6967 0.5299 12
75.0000 20.0000 3.8687 1.5007 14 31.6811 0.3133 12 25.1647 0.3429 12
75.0000 30.0000 1.9475 1.0635 14 31.9042 0.2612 12 25.4960 0.2460 12
75.0000 40.0000 1.2149 0.7433 10 32.0402 0.2504 9 25.6554 0.2361 9
75.0000 50.0000 1.0431 0.5836 13 32.1841 0.2188 11 25.7729 0.1811 11
75.0000 60.0000 0.6219 0.4474 10 32.2600 0.1704 9 25.8600 0.1404 9
75.0000 70.0000 0.3999 0.6266 10 32.3489 0.1528 9 25.9421 0.1328 9
75.0000 80.0000 0.5337 0.5931 9 32.4315 0.1725 8 26.0017 0.1406 8
75.0000 90.0000 0.6004 0.5629 10 32.5249 0.1978 9 26.0738 0.1551 9
75.0000 100.0000 0.8590 0.5582 12 32.6473 0.1985 10 26.1551 0.1505 10
75.0000 120.0000 1.2700 0.7161 11 32.9244 0.1955 10 26.3573 0.1264 10
75.0000 140.0000 2.0759 0.9190 10 33.2234 0.2568 9 26.5426 0.1479 9
75.0000 160.0000 3.2730 1.0683 11 33.5772 0.2847 10 26.7285 0.1454 10
75.0000 180.0000 4.2483 0.9857 9 33.8600 0.2698 8 26.8638 0.1306 8
75.0000 200.0000 5.3319 0.7429 13 34.1833 0.1785 11 27.0088 0.0848 11
75.0000 220.0000 5.7090 0.5706 11 34.3733 0.1072 10 27.1034 0.0381 10
75.0000 240.0000 5.9671 0.5522 9 34.5110 0.1108 8 27.1797 0.0376 8
75.0000 260.0000 5.9455 0.3982 11 34.6038 0.0842 10 27.2506 0.0329 10
75.0000 280.0000 5.8326 0.2950 9 34.6577 0.0781 8 27.3047 0.0324 8
75.0000 300.0000 5.7170 0.1757 11 34.7293 0.0587 9 27.3720 0.0347 9
75.0000 320.0000 5.6504 0.1504 8 34.7543 0.0488 7 27.4045 0.0275 7
75.0000 340.0000 5.4986 0.1378 8 34.7798 0.0416 7 27.4438 0.0256 7
75.0000 360.0000 5.3648 0.1257 8 34.8051 0.0368 7 27.4787 0.0222 7
75.0000 380.0000 5.2864 0.1356 9 34.8304 0.0375 8 27.5080 0.0216 8
75.0000 400.0000 5.1470 0.1311 11 34.8457 0.0341 9 27.5382 0.0248 9
75.0000 420.0000 5.1379 0.1229 8 34.8473 0.0390 7 27.5413 0.0243 7
75.0000 440.0000 5.1306 0.1241 8 34.8508 0.0410 7 27.5441 0.0257 7
75.0000 500.0000 5.0753 0.1543 12 34.8581 0.0393 11 27.5546 0.0219 11
105.0000 0.0000 6.5772 2.3538 14 31.3866 0.3421 13 24.6211 0.4831 13
105.0000 10.0000 6.3239 2.3554 14 31.4318 0.3017 13 24.6878 0.4848 13
