0.0000 0.0000 0.4667 1.2563 14 30.1392 0.3749 11 24.1475 0.3306 11
0.0000 10.0000 0.3856 1.2178 14 30.1527 0.3734 13 24.1654 0.3224 13
0.0000 20.0000 0.1166 1.0798 14 30.3839 0.3907 13 24.3660 0.3377 13
0.0000 30.0000 -0.1281 0.9454 14 30.6385 0.4976 13 24.5837 0.4235 13
0.0000 40.0000 -0.1367 0.8111 13 30.8030 0.5374 12 24.7206 0.4506 12
0.0000 50.0000 -0.2957 0.7348 14 31.0159 0.5199 13 24.8999 0.4356 13
0.0000 60.0000 -0.3885 0.6743 14 31.3522 0.4769 13 25.1758 0.3969 13
0.0000 70.0000 -0.1792 0.6837 13 31.6836 0.5593 12 25.4352 0.4333 12
0.0000 80.0000 0.3426 1.1030 11 32.0415 0.6977 11 25.6933 0.5105 11
0.0000 90.0000 -99.0000 -99.0000 2 -99.0000 -99.0000 2 -99.0000 -99.0000 2
0.0000 100.0000 -99.0000 -99.0000 3 -99.0000 -99.0000 1 -99.0000 -99.0000 1
0.0000 120.0000 -99.0000 -99.0000 1 -99.0000 -99.0000 1 -99.0000 -99.0000 1
0.0000 140.0000 -99.0000 -99.0000 1 -99.0000 -99.0000 1 -99.0000 -99.0000 1
15.0000 0.0000 0.5114 0.9704 14 30.4271 0.6723 14 24.3887 0.5513 14
15.0000 10.0000 0.4503 0.8966 13 30.5657 0.5731 13 24.5035 0.4679 13
15.0000 20.0000 0.1600 0.9670 14 30.9627 0.4883 14 24.8357 0.4015 14
15.0000 30.0000 0.1217 1.0257 13 31.2779 0.4553 13 25.0912 0.3773 13
15.0000 40.0000 -0.0292 0.8864 14 31.4452 0.4271 14 25.2339 0.3510 14
15.0000 50.0000 -0.1525 0.7710 13 31.5642 0.4109 13 25.3361 0.3246 13
15.0000 60.0000 -0.2110 0.7949 13 31.7225 0.3115 13 25.4658 0.2456 13
15.0000 70.0000 -0.2467 0.5833 12 31.8776 0.2321 12 25.5943 0.1868 12
15.0000 80.0000 -0.0036 0.5359 13 32.0896 0.2457 13 25.7553 0.1851 13
15.0000 90.0000 0.0253 0.6395 13 32.1999 0.2588 13 25.8417 0.1904 13
15.0000 100.0000 0.5561 0.8587 14 32.5189 0.2951 14 26.0700 0.1994 14
15.0000 120.0000 1.3262 0.7696 13 32.8926 0.2896 13 26.3246 0.1867 13
15.0000 140.0000 2.4551 0.8896 13 33.3293 0.3560 13 26.5906 0.2137 13
15.0000 160.0000 3.3210 1.1191 14 33.6423 0.4202 14 26.7645 0.2356 14
15.0000 180.0000 3.8534 1.1370 12 33.8388 0.4474 12 26.8691 0.2478 12
15.0000 220.0000 -99.0000 -99.0000 1 -99.0000 -99.0000 0 -99.0000 -99.0000 0
25.0000 0.0000 0.8136 1.0326 11 31.1244 0.7413 11 24.9317 0.5878 11
25.0000 10.0000 0.5490 1.1043 12 31.2014 0.6515 12 25.0066 0.5147 12
25.0000 20.0000 0.4002 1.0307 12 31.3417 0.6074 12 25.1286 0.4859 12
25.0000 30.0000 0.3365 0.8548 11 31.4454 0.6252 11 25.2176 0.5017 11
25.0000 40.0000 0.1118 0.7426 11 31.6209 0.5280 11 25.3699 0.4168 11
25.0000 50.0000 0.0137 0.7187 11 31.7997 0.4337 11 25.5186 0.3381 11
25.0000 60.0000 -0.1342 0.8096 12 31.9350 0.3656 12 25.6338 0.2822 12
25.0000 70.0000 -0.0197 0.6450 10 32.0436 0.3292 10 25.7182 0.2501 10
25.0000 80.0000 0.1948 0.5707 11 32.2173 0.2655 11 25.8490 0.1959 11
25.0000 90.0000 0.3485 0.4779 10 32.3203 0.2385 10 25.9255 0.1752 10
25.0000 100.0000 0.6246 0.6719 12 32.4952 0.3066 12 26.0491 0.2137 12
25.0000 120.0000 1.0262 0.9109 12 32.8099 0.3334 12 26.2760 0.2220 12
25.0000 140.0000 2.0332 0.8381 12 33.2075 0.3122 12 26.5274 0.1901 12
25.0000 160.0000 3.2822 0.7286 13 33.6367 0.2300 13 26.7669 0.1211 13
25.0000 180.0000 4.1547 0.6999 12 33.9414 0.2144 12 26.9245 0.1025 12
25.0000 200.0000 4.8676 0.8107 13 34.1652 0.2390 13 27.0246 0.1064 13
25.0000 220.0000 5.0978 0.7666 10 34.2656 0.2324 10 27.0781 0.1036 10
25.0000 240.0000 5.4306 0.6924 10 34.4118 0.2203 10 27.1558 0.1013 10
25.0000 260.0000 5.5046 0.4369 11 34.5057 0.1601 11 27.2225 0.0811 11
25.0000 280.0000 5.4757 0.3280 10 34.5788 0.1438 10 27.2846 0.0813 10
25.0000 300.0000 5.4748 0.1992 10 34.6934 0.1154 10 27.3753 0.0743 10
25.0000 320.0000 5.4225 0.1567 11 34.7356 0.0956 11 27.4156 0.0706 11
25.0000 340.0000 -99.0000 -99.0000 4 -99.0000 -99.0000 4 -99.0000 -99.0000 4
25.0000 360.0000 -99.0000 -99.0000 2 -99.0000 -99.0000 1 -99.0000 -99.0000 1
45.0000 0.0000 0.7499 0.9852 12 31.3403 0.5342 11 25.1065 0.4354 11
45.0000 10.0000 0.7176 0.9387 12 31.2670 0.5535 12 25.0534 0.4489 12
45.0000 20.0000 0.4990 0.9431 12 31.4148 0.5702 12 25.1838 0.4668 12
45.0000 30.0000 0.4884 0.8061 11 31.5702 0.4969 11 25.3103 0.3987 11
45.0000 40.0000 0.2763 0.7785 11 31.7432 0.3947 11 25.4602 0.3116 11
45.0000 50.0000 0.0475 0.8949 12 31.9215 0.2998 12 25.6130 0.2371 12
45.0000 60.0000 0.1804 0.5382 12 32.0563 0.2398 12 25.7197 0.1907 12
45.0000 70.0000 0.1117 0.2639 10 32.1722 0.2323 10 25.8175 0.1888 10
45.0000 80.0000 0.3620 0.4172 11 32.2944 0.2035 11 25.9040 0.1666 11
45.0000 90.0000 0.4430 0.4393 10 32.3959 0.2147 10 25.9807 0.1707 10
45.0000 100.0000 0.6892 0.7459 13 32.5832 0.2086 13 26.1162 0.1490 13
45.0000 120.0000 1.1707 0.6979 12 32.9158 0.2487 12 26.3552 0.1641 12
45.0000 140.0000 1.9963 0.6869 11 33.2401 0.2576 11 26.5581 0.1595 11
45.0000 160.0000 3.1140 0.7164 13 33.5875 0.2415 13 26.7406 0.1313 13
45.0000 180.0000 4.1798 0.8939 12 33.9074 0.2506 12 26.8926 0.1183 12
45.0000 200.0000 5.0160 0.7753 13 34.1731 0.2086 13 27.0154 0.0920 13
45.0000 220.0000 5.3758 0.5936 11 34.3394 0.1605 11 27.1052 0.0705 11
45.0000 240.0000 5.6558 0.5550 11 34.4792 0.1356 11 27.1823 0.0635 11
45.0000 260.0000 5.6695 0.4984 10 34.5408 0.1158 10 27.2300 0.0596 10
45.0000 280.0000 5.7372 0.3727 11 34.6390 0.1010 11 27.2991 0.0589 11
45.0000 300.0000 5.6571 0.2091 11 34.6751 0.0672 11 27.3392 0.0476 11
45.0000 320.0000 5.5710 0.1796 10 34.7315 0.0643 10 27.3938 0.0460 10
45.0000 340.0000 5.4992 0.1818 11 34.7740 0.0492 11 27.4364 0.0390 11
45.0000 360.0000 5.3808 0.1593 11 34.8084 0.0395 11 27.4783 0.0375 11
45.0000 380.0000 5.2881 0.1336 10 34.8206 0.0302 10 27.4993 0.0292 10
45.0000 400.0000 5.2265 0.1114 10 34.8340 0.0282 10 27.5170 0.0240 10
45.0000 420.0000 5.1825 0.0933 10 34.8425 0.0273 10 27.5290 0.0208 10
45.0000 440.0000 5.1446 0.0890 10 34.8491 0.0263 10 27.5385 0.0199 10
45.0000 500.0000 5.1204 0.0863 13 34.8544 0.0259 13 27.5459 0.0207 13
75.0000 0.0000 0.8585 1.0527 18 31.5553 0.3678 17 25.2839 0.2891 17
75.0000 10.0000 0.8644 1.1991 18 31.5530 0.3786 17 25.2784 0.3012 17
75.0000 20.0000 0.7133 0.9361 17 31.6445 0.3694 16 25.3622 0.2980 16
75.0000 30.0000 0.4548 0.9645 17 31.7991 0.3277 16 25.4967 0.2530 16
75.0000 40.0000 0.3220 0.9425 17 31.9344 0.2833 16 25.6133 0.2138 16
75.0000 50.0000 0.2014 1.0392 18 32.0285 0.2796 17 25.6959 0.2041 17
75.0000 60.0000 0.3106 0.9813 17 32.1568 0.2868 16 25.7961 0.2065 16
75.0000 70.0000 0.1494 0.9969 16 32.2678 0.3038 16 25.8867 0.2032 16
75.0000 80.0000 0.4512 0.9281 17 32.3818 0.2975 16 25.9668 0.1988 16
75.0000 90.0000 0.5178 0.9487 16 32.5110 0.2941 15 26.0640 0.1840 15
75.0000 100.0000 0.8092 0.9217 18 32.6507 0.3020 17 26.1603 0.1899 17
75.0000 120.0000 1.3375 0.9644 17 32.9502 0.2965 16 26.3703 0.1788 16
75.0000 140.0000 2.1512 1.2299 17 33.2761 0.3864 16 26.5646 0.2074 16
75.0000 160.0000 3.0299 1.3665 17 33.5669 0.4018 16 26.7200 0.2039 16
75.0000 180.0000 4.0916 1.3197 17 33.9061 0.3713 16 26.8856 0.1783 16
75.0000 200.0000 4.9106 0.9895 17 34.1420 0.2757 16 26.9954 0.1366 16
75.0000 220.0000 5.5156 0.9556 17 34.3529 0.2543 16 27.0921 0.1258 16
75.0000 240.0000 5.6796 0.7994 16 34.4796 0.1752 15 27.1735 0.0711 15
75.0000 260.0000 5.7568 0.5842 16 34.5726 0.1311 15 27.2396 0.0556 15
75.0000 280.0000 5.7646 0.4157 15 34.6416 0.1064 15 27.2981 0.0522 15
75.0000 300.0000 5.6797 0.3489 17 34.6988 0.0888 16 27.3516 0.0434 16
75.0000 320.0000 5.5964 0.2434 15 34.7453 0.0767 15 27.4022 0.0428 15
75.0000 340.0000 5.5032 0.1751 15 34.7770 0.0494 15 27.4386 0.0292 15
75.0000 360.0000 5.3528 0.1782 16 34.8130 0.0406 15 27.4838 0.0360 15
75.0000 380.0000 5.2192 0.1462 16 34.8369 0.0382 16 27.5207 0.0343 16
75.0000 400.0000 5.1230 0.1359 16 34.8477 0.0308 15 27.5387 0.0289 15
75.0000 420.0000 5.0698 0.1417 15 34.8544 0.0265 14 27.5501 0.0227 14
75.0000 440.0000 5.0800 0.1319 14 34.8574 0.0225 14 27.5522 0.0145 14
75.0000 500.0000 5.0514 0.1681 16 34.8647 0.0275 16 27.5624 0.0203 16
105.0000 0.0000 1.2009 1.1508 17 31.5168 0.4592 16 25.2301 0.3792 16
105.0000 10.0000 1.0494 1.1961 17 31.6138 0.3601 16 25.3164 0.2885 16
105.0000 20.0000 0.7733 1.1537 16 31.7472 0.3092 15 25.4378 0.2490 15
105.0000 30.0000 0.5323 1.0218 16 31.8943 0.2488 15 25.5713 0.2002 15
105.0000 40.0000 0.2974 0.9347 15 31.9925 0.2275 15 25.6579 0.1843 15
105.0000 50.0000 0.3417 0.8784 17 32.0808 0.1716 16 25.7329 0.1455 16
105.0000 60.0000 0.2878 0.8539 16 32.1766 0.1516 15 25.8130 0.1338 15
105.0000 70.0000 0.1545 0.7262 14 32.2555 0.1409 14 25.8795 0.1209 14
105.0000 80.0000 0.3077 0.7284 16 32.3126 0.1363 15 25.9216 0.1208 15
105.0000 90.0000 0.2863 0.6910 15 32.3697 0.1328 14 25.9681 0.1092 14
105.0000 100.0000 0.5547 0.7229 17 32.4593 0.1721 16 26.0260 0.1297 16
105.0000 120.0000 0.7708 0.7768 15 32.6777 0.2249 14 26.1893 0.1524 14
105.0000 140.0000 1.3124 0.8886 16 32.9258 0.2669 15 26.3531 0.1672 15
105.0000 160.0000 2.1166 0.9902 17 33.2381 0.3171 16 26.5443 0.1839 16
105.0000 180.0000 3.1566 1.2424 16 33.5924 0.3999 15 26.7369 0.2094 15
105.0000 200.0000 4.1860 1.2566 16 33.9336 0.3773 15 26.9094 0.1758 15
105.0000 220.0000 4.9714 1.0675 16 34.2091 0.3310 15 27.0437 0.1575 15
105.0000 240.0000 5.4451 0.7582 15 34.3963 0.2381 14 27.1379 0.1263 14
105.0000 260.0000 5.7303 0.6971 15 34.5536 0.1998 14 27.2279 0.0984 14
105.0000 280.0000 6.0010 0.7366 6 34.6516 0.1515 6 27.2744 0.0546 6
105.0000 300.0000 5.7468 0.5137 7 34.7094 0.1328 6 27.3461 0.0549 6
105.0000 320.0000 -99.0000 -99.0000 4 -99.0000 -99.0000 4 -99.0000 -99.0000 4
105.0000 340.0000 -99.0000 -99.0000 3 -99.0000 -99.0000 2 -99.0000 -99.0000 2
105.0000 360.0000 -99.0000 -99.0000 1 -99.0000 -99.0000 1 -99.0000 -99.0000 1
