0.0000 0.0000 -1.3657 0.4396 10 30.5923 0.5095 10 24.5889 0.4164 10
0.0000 10.0000 -1.4344 0.4012 7 30.6199 0.5358 7 24.6132 0.4382 7
0.0000 20.0000 -1.4556 0.3500 7 30.7868 0.5140 7 24.7494 0.4193 7
0.0000 30.0000 -1.4483 0.3360 7 30.8919 0.4877 7 24.8344 0.3978 7
0.0000 40.0000 -1.4497 0.3419 7 31.0222 0.4052 7 24.9399 0.3296 7
0.0000 50.0000 -1.4331 0.3394 7 31.1340 0.3447 7 25.0308 0.2813 7
0.0000 60.0000 -1.3755 0.3228 7 31.2746 0.3028 7 25.1430 0.2484 7
0.0000 70.0000 -1.1967 0.3007 7 31.4369 0.2322 7 25.2703 0.1944 7
0.0000 80.0000 -0.6926 0.4733 5 31.7025 0.1372 5 25.4692 0.1080 5
0.0000 90.0000 -0.1640 -99.0000 1 31.8300 -99.0000 1 25.5560 -99.0000 1
0.0000 100.0000 0.9635 -99.0000 1 32.3310 -99.0000 1 25.8989 -99.0000 1
0.0000 120.0000 2.6250 -99.0000 1 33.0590 -99.0000 1 26.3670 -99.0000 1
0.0000 140.0000 2.7659 -99.0000 1 33.3639 -99.0000 1 26.5994 -99.0000 1
0.0000 160.0000 3.8210 -99.0000 1 33.6769 -99.0000 1 26.7515 -99.0000 1
0.0000 180.0000 4.7505 -99.0000 1 34.0274 -99.0000 1 26.9315 -99.0000 1
0.0000 200.0000 5.5150 -99.0000 1 34.2904 -99.0000 1 27.0519 -99.0000 1
0.0000 220.0000 5.3879 -99.0000 1 34.3695 -99.0000 1 27.1299 -99.0000 1
0.0000 240.0000 5.8389 -99.0000 1 34.5109 -99.0000 1 27.1860 -99.0000 1
25.0000 0.0000 -1.2937 0.4704 8 31.4771 0.3770 8 25.3051 0.3061 8
25.0000 10.0000 -1.2677 0.5217 6 31.5641 0.3746 6 25.3742 0.3057 6
25.0000 20.0000 -1.1997 0.5059 6 31.6700 0.2882 6 25.4586 0.2396 6
25.0000 30.0000 -1.0765 0.6161 6 31.7451 0.2286 6 25.5152 0.1938 6
25.0000 40.0000 -1.0320 0.6614 6 31.7779 0.2096 6 25.5406 0.1773 6
25.0000 50.0000 -0.9756 0.7262 6 31.8275 0.1990 6 25.5791 0.1640 6
25.0000 60.0000 -0.8990 0.8579 6 31.8989 0.2025 6 25.6325 0.1606 6
25.0000 70.0000 -0.7623 0.9071 6 31.9490 0.1984 6 25.6679 0.1530 6
25.0000 80.0000 -0.4915 0.8628 6 32.0505 0.2202 6 25.7410 0.1670 6
25.0000 90.0000 -0.1590 0.7349 6 32.1943 0.2477 6 25.8449 0.1925 6
25.0000 100.0000 0.3290 0.7898 6 32.4203 0.2826 6 26.0034 0.2092 6
25.0000 120.0000 1.4102 0.4809 6 32.9471 0.2342 6 26.3665 0.1678 6
25.0000 140.0000 2.4380 0.6801 6 33.3698 0.2514 6 26.6281 0.1541 6
25.0000 160.0000 3.5805 0.7975 6 33.7486 0.2202 6 26.8284 0.1037 6
25.0000 180.0000 4.4852 0.7361 6 34.0460 0.2084 6 26.9731 0.0903 6
25.0000 200.0000 4.8919 0.7129 6 34.1998 0.2011 6 27.0508 0.0904 6
25.0000 220.0000 4.0391 -99.0000 1 33.9107 -99.0000 1 26.9157 -99.0000 1
45.0000 0.0000 -1.0057 0.7882 7 31.7545 0.2898 7 25.5192 0.2299 7
45.0000 10.0000 -0.9868 0.8235 6 31.8536 0.1964 6 25.6000 0.1557 6
45.0000 20.0000 -0.8685 0.8278 6 31.9073 0.1135 6 25.6384 0.0934 6
45.0000 30.0000 -0.7610 0.8603 6 31.9365 0.0910 6 25.6583 0.0761 6
45.0000 40.0000 -0.6930 0.8409 6 31.9600 0.0669 6 25.6754 0.0594 6
45.0000 50.0000 -0.6583 0.8608 6 31.9819 0.0737 6 25.6914 0.0654 6
45.0000 60.0000 -0.5598 0.8907 6 32.0381 0.1195 6 25.7334 0.0953 6
45.0000 70.0000 -0.3268 0.8688 6 32.1572 0.1926 6 25.8209 0.1483 6
45.0000 80.0000 -0.0442 0.9786 6 32.2841 0.3162 6 25.9099 0.2330 6
45.0000 90.0000 0.1642 0.9795 6 32.3644 0.3355 6 25.9645 0.2449 6
45.0000 100.0000 0.7191 0.9593 6 32.6358 0.3708 6 26.1544 0.2612 6
45.0000 120.0000 1.5384 0.5569 6 33.0628 0.2406 6 26.4505 0.1609 6
45.0000 140.0000 2.5131 0.5119 6 33.4158 0.1616 6 26.6601 0.0957 6
45.0000 160.0000 3.6010 0.3889 6 33.7507 0.1256 6 26.8306 0.0725 6
45.0000 180.0000 4.5365 0.3080 6 34.0367 0.0936 6 26.9627 0.0540 6
45.0000 200.0000 5.3435 0.4747 6 34.2781 0.1180 6 27.0617 0.0524 6
45.0000 220.0000 5.4331 -99.0000 1 34.2567 -99.0000 1 27.0356 -99.0000 1
75.0000 0.0000 -0.7666 0.7189 9 31.8253 0.4045 8 25.5669 0.3242 8
75.0000 10.0000 -0.6442 0.7128 6 31.8549 0.3005 6 25.5907 0.2442 6
75.0000 20.0000 -0.5516 0.6789 6 31.9317 0.1663 6 25.6490 0.1448 6
75.0000 30.0000 -0.5189 0.6834 6 31.9603 0.1296 6 25.6702 0.1168 6
75.0000 40.0000 -0.4354 0.6751 6 31.9907 0.1155 6 25.6926 0.1090 6
75.0000 50.0000 -0.3309 0.6258 6 32.0277 0.1047 6 25.7194 0.1022 6
75.0000 60.0000 -0.2168 0.5580 6 32.0749 0.1023 6 25.7527 0.1000 6
75.0000 70.0000 -0.0417 0.5295 6 32.1529 0.0995 6 25.8091 0.1021 6
75.0000 80.0000 0.1537 0.6102 7 32.2646 0.1221 7 25.8879 0.1069 7
75.0000 90.0000 0.4992 0.5983 6 32.3982 0.1654 6 25.9794 0.1297 6
75.0000 100.0000 0.6880 0.7268 7 32.5904 0.2085 7 26.1221 0.1430 7
75.0000 120.0000 1.3510 0.7039 7 32.9566 0.2802 7 26.3763 0.1836 7
75.0000 140.0000 2.3399 1.1153 7 33.3282 0.3401 7 26.5974 0.1948 7
75.0000 160.0000 3.5206 1.5182 7 33.6766 0.4048 7 26.7656 0.2045 7
75.0000 180.0000 4.7187 1.5124 7 34.0453 0.3716 7 26.9368 0.1528 7
75.0000 200.0000 5.2854 1.2391 7 34.2507 0.3251 7 27.0399 0.1278 7
75.0000 220.0000 4.9384 1.3853 3 34.2375 0.4251 3 27.0707 0.1937 3
75.0000 240.0000 4.3800 -99.0000 1 34.0600 -99.0000 1 27.0000 -99.0000 1
75.0000 260.0000 5.0149 -99.0000 1 34.3400 -99.0000 1 27.1500 -99.0000 1
75.0000 280.0000 5.4499 -99.0000 1 34.5900 -99.0000 1 27.2999 -99.0000 1
75.0000 340.0000 5.5500 -99.0000 1 34.7700 -99.0000 1 27.4300 -99.0000 1
75.0000 400.0000 5.1900 -99.0000 1 34.8699 -99.0000 1 27.5499 -99.0000 1
75.0000 500.0000 5.1799 -99.0000 1 34.8699 -99.0000 1 27.5499 -99.0000 1
105.0000 0.0000 -0.3427 0.5439 8 31.8939 0.2821 7 25.6125 0.2331 7
105.0000 10.0000 -0.2613 0.5870 7 31.9801 0.2382 6 25.6795 0.2015 6
105.0000 20.0000 -0.0223 0.8468 7 32.0389 0.1984 6 25.7243 0.1690 6
105.0000 30.0000 0.1283 0.7035 7 32.1300 0.1556 6 25.7898 0.1423 6
105.0000 40.0000 0.3810 0.4562 7 32.2803 0.2521 6 25.8956 0.2077 6
105.0000 50.0000 0.5442 0.5239 7 32.3657 0.3149 6 25.9541 0.2478 6
105.0000 60.0000 0.6713 0.6899 6 32.4412 0.3890 6 26.0035 0.2926 6
105.0000 70.0000 0.7874 0.8132 6 32.4985 0.4465 6 26.0425 0.3261 6
105.0000 80.0000 0.8681 0.8088 7 32.5397 0.4583 6 26.0698 0.3275 6
105.0000 90.0000 0.9609 0.8752 7 32.5872 0.4817 6 26.1020 0.3376 6
105.0000 100.0000 1.2426 1.0139 7 32.6904 0.5030 6 26.1700 0.3402 6
105.0000 120.0000 1.8419 1.3987 7 32.9748 0.6092 6 26.3449 0.3755 6
105.0000 140.0000 2.6799 1.6373 7 33.3875 0.6411 6 26.5942 0.3623 6
105.0000 160.0000 3.5125 1.6479 7 33.7192 0.5513 6 26.7855 0.2693 6
105.0000 180.0000 4.3712 1.1883 7 33.9685 0.3891 6 26.9142 0.1742 6
105.0000 200.0000 5.0828 0.9268 7 34.1605 0.2780 6 27.0044 0.1169 6
105.0000 220.0000 5.7383 0.3118 3 34.3091 0.0905 2 27.0611 0.0793 2
105.0000 240.0000 6.4000 -99.0000 1 -99.0000 -99.0000 0 -99.0000 -99.0000 0
105.0000 260.0000 6.3899 -99.0000 1 -99.0000 -99.0000 0 -99.0000 -99.0000 0
105.0000 300.0000 6.3299 -99.0000 1 -99.0000 -99.0000 0 -99.0000 -99.0000 0
105.0000 320.0000 6.3000 -99.0000 1 -99.0000 -99.0000 0 -99.0000 -99.0000 0
