0.0000 0.0000 14.1630 2.1261 19 30.4327 0.6068 14 22.6976 0.6582 14
0.0000 10.0000 13.5109 2.6876 20 30.5337 0.6378 15 22.9210 0.7965 15
0.0000 20.0000 12.4450 3.0006 20 30.7210 0.6374 15 23.2274 0.8333 15
0.0000 30.0000 9.8751 3.4731 20 31.0756 0.7433 15 23.8557 0.9660 15
0.0000 40.0000 7.4788 3.2450 20 31.3007 0.8232 15 24.3168 1.0684 15
0.0000 50.0000 5.7094 2.6942 19 31.5632 0.8135 15 24.7468 0.9895 15
0.0000 60.0000 4.5408 1.9964 19 31.8145 0.7401 15 25.0779 0.8437 15
0.0000 70.0000 4.1456 1.4525 19 32.0825 0.5930 15 25.3945 0.5977 15
0.0000 80.0000 3.8810 1.2405 18 32.2426 0.5530 15 25.5647 0.5036 15
0.0000 90.0000 3.5133 1.0149 10 32.7416 0.5120 6 26.0093 0.3319 6
0.0000 100.0000 3.7741 1.4044 8 32.5905 0.6228 3 25.9055 0.4192 3
0.0000 120.0000 4.2850 0.0494 2 -99.0000 -99.0000 0 -99.0000 -99.0000 0
0.0000 140.0000 5.4000 -99.0000 1 -99.0000 -99.0000 0 -99.0000 -99.0000 0
40.0000 0.0000 14.0151 1.5627 26 30.4668 0.5488 18 22.7436 0.5143 18
40.0000 10.0000 13.9216 1.3258 24 30.5292 0.5111 17 22.7905 0.4793 17
40.0000 20.0000 13.5003 1.4326 26 30.7902 0.3922 17 23.1142 0.3671 17
40.0000 30.0000 11.3181 2.0224 26 31.2864 0.4312 17 23.9301 0.6085 17
40.0000 40.0000 7.9564 2.5799 26 31.7811 0.3377 15 24.8076 0.5283 15
40.0000 50.0000 5.4312 1.8478 26 32.1136 0.2835 16 25.3815 0.3056 16
40.0000 60.0000 3.9099 0.9907 26 32.3938 0.2046 16 25.7233 0.1651 16
40.0000 70.0000 3.5745 1.0058 26 32.5947 0.2017 15 25.9175 0.1310 15
40.0000 80.0000 3.9721 1.3107 25 32.7323 0.2929 16 25.9738 0.2932 16
40.0000 90.0000 4.0811 1.1966 25 32.8979 0.2712 15 26.1230 0.1269 15
40.0000 100.0000 4.9923 1.3502 26 33.1165 0.3139 17 26.2112 0.1470 17
40.0000 120.0000 6.2366 1.4901 24 33.5244 0.3655 15 26.4162 0.1353 15
40.0000 140.0000 7.3286 1.3452 24 33.8840 0.3594 17 26.5509 0.1416 17
40.0000 160.0000 7.9883 1.2936 22 34.1131 0.3384 12 26.6589 0.1043 12
40.0000 180.0000 8.2278 2.0687 10 33.9199 -99.0000 1 26.2800 -99.0000 1
40.0000 200.0000 6.5381 3.4179 4 34.2000 -99.0000 1 26.6200 -99.0000 1
40.0000 220.0000 10.2500 -99.0000 1 -99.0000 -99.0000 0 -99.0000 -99.0000 0
85.0000 0.0000 14.4852 1.8705 25 31.1083 0.4149 21 23.1184 0.5402 21
85.0000 10.0000 14.1798 1.4259 25 31.2047 0.3942 21 23.2147 0.5138 21
85.0000 20.0000 14.0449 1.6411 25 31.3070 0.2965 21 23.3594 0.4830 21
85.0000 30.0000 11.9810 2.0470 25 31.6526 0.2348 19 23.9610 0.4902 19
85.0000 40.0000 7.6646 2.1713 24 32.2611 0.3077 17 25.1144 0.5185 17
85.0000 50.0000 5.3062 1.4881 25 32.5977 0.4134 20 25.7452 0.3484 19
85.0000 60.0000 4.8534 1.2246 24 32.9905 0.2932 17 26.0863 0.1778 17
85.0000 70.0000 5.3408 1.3364 24 33.2379 0.3675 19 26.2595 0.1653 18
85.0000 80.0000 6.1111 1.3643 23 33.5441 0.3433 18 26.3985 0.1528 18
85.0000 90.0000 6.7282 1.4092 23 33.7635 0.3120 17 26.5042 0.1146 17
85.0000 100.0000 7.4305 1.4110 25 33.9469 0.3901 20 26.5644 0.1941 20
85.0000 120.0000 8.4237 1.0896 23 34.4183 0.2733 18 26.7648 0.0799 18
85.0000 140.0000 8.9161 1.0753 25 34.5943 0.3060 20 26.8218 0.1568 20
85.0000 160.0000 9.3039 0.8408 24 34.7675 0.2191 18 26.8918 0.1037 18
85.0000 180.0000 9.3989 0.8116 24 34.8466 0.1847 17 26.9443 0.0438 17
85.0000 200.0000 9.3621 0.7890 25 34.8513 0.2190 20 26.9613 0.1244 20
85.0000 220.0000 9.3838 0.8526 22 34.8650 0.2610 18 26.9727 0.1475 18
85.0000 240.0000 9.2387 0.8952 25 34.9074 0.1967 17 27.0346 0.0651 17
85.0000 260.0000 9.2227 0.9544 21 34.8998 0.2093 17 27.0288 0.0872 17
85.0000 280.0000 10.4140 1.2566 6 34.9750 0.0212 2 26.9899 0.0000 2
85.0000 300.0000 10.1962 0.0053 2 -99.0000 -99.0000 0 -99.0000 -99.0000 0
85.0000 320.0000 10.2500 -99.0000 1 -99.0000 -99.0000 0 -99.0000 -99.0000 0
135.0000 0.0000 14.6029 1.6338 19 31.6140 0.3704 18 23.4747 0.4869 18
135.0000 10.0000 14.4539 1.8095 19 31.6645 0.4288 18 23.4970 0.5193 18
135.0000 20.0000 14.0767 1.7454 18 31.8297 0.3412 17 23.6907 0.3773 17
135.0000 30.0000 12.3494 2.5750 19 32.1072 0.5289 18 24.2871 0.5149 18
135.0000 40.0000 10.3350 3.0472 17 32.5606 0.5432 15 24.9473 0.6803 15
135.0000 50.0000 7.2866 2.1350 19 32.8719 0.6833 18 25.7067 0.5196 17
135.0000 60.0000 6.3861 2.2252 18 33.3309 0.2646 16 26.2168 0.1910 16
135.0000 70.0000 6.1041 1.5587 18 33.4838 0.3200 17 26.3522 0.1337 16
135.0000 80.0000 6.1433 1.4458 17 33.5557 0.2839 17 26.3870 0.1139 16
135.0000 90.0000 5.9062 2.0013 9 33.4893 0.4819 5 26.3921 0.2190 5
135.0000 100.0000 7.2455 1.9572 5 33.1107 1.7688 2 26.0061 1.1400 2
135.0000 120.0000 9.3869 1.7579 2 34.5875 -99.0000 1 26.9275 -99.0000 1
135.0000 140.0000 8.2231 0.0709 3 34.0472 0.8587 2 26.5016 0.6670 2
185.0000 0.0000 15.1444 1.8865 14 31.7902 0.6027 14 23.5086 0.4636 14
185.0000 10.0000 14.9214 2.0789 16 31.9332 0.6428 16 23.5992 0.5367 16
185.0000 20.0000 14.6535 2.2769 16 32.1411 0.6568 15 23.8679 0.5541 15
185.0000 30.0000 12.6940 2.7819 16 32.4493 0.5779 16 24.5084 0.6085 16
185.0000 40.0000 9.6386 2.8387 16 32.7406 0.3696 14 25.2314 0.5442 14
185.0000 50.0000 7.4128 2.8556 16 32.9691 0.4837 16 25.7185 0.4135 16
185.0000 60.0000 6.8424 2.5066 15 33.3734 0.4423 13 26.1644 0.2052 13
185.0000 70.0000 6.6106 2.4384 14 33.5949 0.4975 13 26.3725 0.1545 13
185.0000 80.0000 6.9759 2.1221 15 33.7596 0.4492 14 26.4701 0.1343 14
185.0000 90.0000 6.7868 2.2209 16 33.7351 0.4982 14 26.4863 0.1437 14
185.0000 100.0000 6.6928 2.1282 16 33.7058 0.5858 16 26.4435 0.3381 16
185.0000 120.0000 10.1534 1.7628 2 34.7020 -99.0000 1 26.8979 -99.0000 1
185.0000 140.0000 10.7550 1.7606 2 34.8800 -99.0000 1 26.9400 -99.0000 1
185.0000 240.0000 9.3000 -99.0000 1 -99.0000 -99.0000 0 -99.0000 -99.0000 0
235.0000 0.0000 15.8166 2.3144 18 32.6940 0.8807 12 24.0009 0.5934 12
235.0000 10.0000 15.0765 2.3295 17 32.5775 0.9148 14 24.0058 0.5265 14
235.0000 20.0000 14.7721 2.3189 16 32.6675 0.7556 12 24.1953 0.4635 12
235.0000 30.0000 14.3614 3.5310 18 33.1714 1.0352 15 24.5834 0.6046 15
235.0000 40.0000 11.7949 4.2230 16 33.1111 0.7490 13 25.1676 0.5347 13
235.0000 50.0000 9.7928 4.4025 18 33.4574 0.9200 15 25.6772 0.4549 15
235.0000 60.0000 7.1843 3.9947 15 33.2577 0.5815 12 26.0817 0.2872 12
235.0000 70.0000 7.1656 3.7325 17 33.6412 0.7479 13 26.3469 0.2016 13
235.0000 80.0000 6.6672 3.9064 16 33.7019 0.6840 12 26.4606 0.1555 12
235.0000 90.0000 7.5367 3.7998 14 33.9207 0.6883 11 26.5444 0.1552 11
235.0000 100.0000 7.4757 3.6653 18 34.1252 0.7311 14 26.6587 0.1406 14
235.0000 120.0000 8.2036 3.2508 15 34.4036 0.6515 12 26.7858 0.1350 12
235.0000 140.0000 8.8857 2.8881 15 34.6361 0.5961 12 26.8631 0.1129 11
235.0000 160.0000 9.0503 2.3837 14 34.7753 0.4921 11 26.9568 0.0849 11
235.0000 180.0000 9.2405 1.9095 16 34.9003 0.3717 12 27.0415 0.0825 12
235.0000 200.0000 8.9493 1.7192 16 34.9471 0.3156 13 27.1060 0.0853 13
235.0000 220.0000 8.7846 1.4228 15 34.9734 0.2942 12 27.1397 0.0939 12
235.0000 240.0000 8.7220 1.2501 16 35.0313 0.2497 12 27.2035 0.1204 12
235.0000 260.0000 8.3172 1.1671 15 34.9860 0.1614 12 27.2341 0.0784 12
235.0000 280.0000 7.9832 1.2352 16 34.9985 0.1745 11 27.2767 0.0659 11
235.0000 300.0000 7.5938 1.1335 15 34.9794 0.1378 12 27.3294 0.0654 12
235.0000 320.0000 7.3809 1.0500 14 34.9802 0.1294 11 27.3628 0.0545 11
235.0000 340.0000 7.0029 0.9626 14 34.9642 0.1141 11 27.4019 0.0519 11
235.0000 360.0000 6.6735 0.9065 14 34.9512 0.1043 11 27.4363 0.0500 11
235.0000 380.0000 6.4153 0.9115 14 34.9443 0.0925 11 27.4641 0.0499 11
235.0000 400.0000 6.1272 0.7897 15 34.9408 0.0747 11 27.4993 0.0405 11
235.0000 420.0000 5.9325 0.7541 14 34.9401 0.0646 11 27.5232 0.0390 11
235.0000 440.0000 5.6525 0.6786 13 34.9328 0.0523 11 27.5472 0.0364 11
235.0000 500.0000 5.2782 0.6148 17 34.9292 0.0346 13 27.6011 0.0274 13
235.0000 600.0000 4.8393 0.3958 15 34.9330 0.0238 11 27.6497 0.0180 11
235.0000 700.0000 4.5323 0.2154 14 34.9361 0.0260 11 27.6780 0.0137 11
235.0000 800.0000 4.3326 0.1445 14 34.9319 0.0172 11 27.6984 0.0109 11
235.0000 900.0000 4.1941 0.1251 11 34.9295 0.0167 10 27.7104 0.0121 10
235.0000 1000.0000 4.1243 0.1151 11 34.9275 0.0125 10 27.7160 0.0125 10
235.0000 1100.0000 4.1042 0.0908 2 34.9306 0.0292 2 27.7199 0.0141 2
235.0000 1200.0000 4.0253 -99.0000 1 34.9406 -99.0000 1 27.7337 -99.0000 1
235.0000 1300.0000 3.9589 -99.0000 1 34.9399 -99.0000 1 27.7411 -99.0000 1
235.0000 1400.0000 3.8991 -99.0000 1 34.9399 -99.0000 1 27.7500 -99.0000 1
235.0000 1500.0000 3.7956 -99.0000 1 34.9321 -99.0000 1 27.7543 -99.0000 1
235.0000 1600.0000 3.7456 -99.0000 1 34.9300 -99.0000 1 27.7600 -99.0000 1
285.0000 0.0000 15.9693 3.6415 8 32.8231 0.6852 8 24.0228 0.4032 8
285.0000 10.0000 15.8915 3.5886 8 32.8530 0.6726 8 24.0643 0.4290 8
285.0000 20.0000 16.3458 4.1772 6 33.0304 0.7601 6 24.0812 0.4369 6
285.0000 30.0000 16.0432 4.2334 7 33.2587 0.7607 7 24.3179 0.5726 7
285.0000 40.0000 12.5586 4.5074 7 33.5847 0.8653 7 25.2739 0.5243 7
285.0000 50.0000 9.8107 4.5883 7 33.6750 0.9580 7 25.8396 0.3918 7
285.0000 60.0000 9.0370 4.5615 7 33.9458 1.0548 7 26.1784 0.3222 7
285.0000 70.0000 9.8989 3.8578 6 34.3685 1.0032 6 26.4025 0.2837 6
285.0000 80.0000 8.7833 4.9297 7 34.3447 1.0900 7 26.5143 0.2213 7
285.0000 90.0000 12.0069 2.6862 4 35.1797 0.5063 4 26.6955 0.1331 4
285.0000 100.0000 8.9585 4.9803 7 34.3731 1.0778 8 26.6478 0.1924 7
285.0000 120.0000 11.0525 2.8649 6 34.8468 0.8312 7 26.7993 0.1286 6
285.0000 140.0000 8.9763 4.9123 8 34.7593 0.9779 8 26.8124 0.2033 8
285.0000 160.0000 8.7364 4.5660 7 34.8162 0.8617 7 26.9103 0.2056 7
285.0000 180.0000 10.1248 3.2533 5 35.1265 0.5076 5 26.9813 0.1944 5
285.0000 200.0000 8.8432 3.1476 7 34.9389 0.5446 7 27.0474 0.1741 7
285.0000 220.0000 9.7608 2.5581 5 35.1594 0.3615 5 27.0889 0.1897 5
285.0000 240.0000 8.6488 2.3588 7 35.0785 0.2916 7 27.2097 0.1934 7
285.0000 260.0000 8.5008 2.2795 6 35.0794 0.2761 6 27.2361 0.1843 6
285.0000 280.0000 8.4359 2.1806 5 35.0724 0.2684 5 27.2426 0.1666 5
285.0000 300.0000 7.5753 1.8932 7 34.9859 0.2241 7 27.3080 0.1369 7
285.0000 320.0000 7.4214 2.0071 6 35.0063 0.2193 6 27.3452 0.1465 6
285.0000 340.0000 7.2677 2.0831 5 34.9969 0.2141 5 27.3592 0.1524 5
285.0000 360.0000 7.0077 1.8874 5 34.9841 0.1770 5 27.3888 0.1428 5
285.0000 380.0000 6.8369 1.6824 5 34.9850 0.1409 5 27.4154 0.1343 5
285.0000 400.0000 6.3617 1.5261 6 34.9524 0.1229 6 27.4571 0.1239 6
285.0000 420.0000 6.1004 1.3855 6 34.9377 0.1086 6 27.4807 0.1107 6
285.0000 440.0000 5.9733 1.2570 6 34.9617 0.0954 6 27.5187 0.1011 6
285.0000 500.0000 5.4682 0.8145 7 34.9617 0.0546 7 27.5853 0.0724 7
285.0000 600.0000 5.0390 0.4641 5 34.9567 0.0165 5 27.6348 0.0439 5
285.0000 700.0000 4.6414 0.2901 7 34.9532 0.0239 7 27.6786 0.0229 7
285.0000 800.0000 4.4212 0.1409 7 34.9501 0.0149 7 27.7008 0.0165 7
285.0000 900.0000 4.2950 0.1579 5 34.9501 0.0130 5 27.7144 0.0128 5
285.0000 1000.0000 4.1541 0.1379 6 34.9473 0.0151 6 27.7276 0.0125 6
285.0000 1100.0000 4.0156 0.1398 4 34.9361 0.0044 4 27.7330 0.0129 4
285.0000 1200.0000 3.9184 0.1393 4 34.9330 0.0085 4 27.7414 0.0116 4
285.0000 1300.0000 3.8384 0.1502 4 34.9307 0.0125 4 27.7459 0.0114 4
285.0000 1400.0000 3.7606 0.1622 4 34.9277 0.0160 4 27.7516 0.0096 4
285.0000 1500.0000 3.6582 0.1537 5 34.9234 0.0158 5 27.7572 0.0084 5
285.0000 1600.0000 3.6018 0.1735 4 34.9211 0.0218 4 27.7615 0.0072 4
285.0000 1700.0000 3.5358 0.1589 4 34.9176 0.0206 4 27.7669 0.0078 4
285.0000 1800.0000 3.4634 0.1492 4 34.9131 0.0207 4 27.7711 0.0108 4
285.0000 1900.0000 3.4025 0.1260 4 34.9125 0.0205 4 27.7753 0.0103 4
285.0000 2000.0000 3.3626 0.1006 4 34.9160 0.0163 4 27.7820 0.0097 4
285.0000 2100.0000 3.3174 0.0649 5 34.9194 0.0121 5 27.7882 0.0102 5
285.0000 2200.0000 3.2891 0.0552 4 34.9228 0.0110 4 27.7941 0.0122 4
285.0000 2300.0000 3.2364 0.0524 4 34.9245 0.0097 4 27.8010 0.0113 4
285.0000 2400.0000 3.1603 0.0685 4 34.9233 0.0080 4 27.8092 0.0113 4
285.0000 2500.0000 3.0941 0.0627 4 34.9241 0.0051 4 27.8154 0.0084 4
285.0000 2600.0000 2.9931 0.0323 3 34.9170 0.0059 3 27.8200 0.0055 3
285.0000 2700.0000 2.8996 0.0731 3 34.9147 0.0091 3 27.8237 0.0062 3
285.0000 2800.0000 2.8111 -99.0000 1 34.9199 -99.0000 1 27.8356 -99.0000 1
