0.0000 0.0000 7.7809 1.8170 14 30.6966 0.2910 6 23.6587 0.2935 6
0.0000 10.0000 6.7621 2.5373 15 30.7717 0.3312 9 23.8866 0.5587 9
0.0000 20.0000 4.8272 1.8458 15 31.1153 0.3369 9 24.5279 0.3566 9
0.0000 30.0000 3.7509 1.6491 16 31.3584 0.3283 10 24.8948 0.3115 10
0.0000 40.0000 2.7752 1.5234 15 31.5324 0.3120 10 25.1300 0.2690 10
0.0000 50.0000 2.2852 1.2844 16 31.6935 0.2833 10 25.2922 0.2315 10
0.0000 60.0000 1.8173 1.0717 14 31.8311 0.2173 9 25.4345 0.1995 9
0.0000 70.0000 1.7243 1.0399 11 31.9563 0.1861 9 25.5376 0.1754 9
0.0000 80.0000 1.9601 1.1287 13 32.0715 0.1555 10 25.6112 0.1540 10
0.0000 90.0000 1.6762 1.0653 6 32.1188 0.2790 4 25.6778 0.2011 4
0.0000 100.0000 2.0421 1.3073 6 32.0649 0.1645 3 25.6433 0.1724 3
0.0000 120.0000 4.4875 2.8107 2 -99.0000 -99.0000 0 -99.0000 -99.0000 0
0.0000 140.0000 8.3000 -99.0000 1 -99.0000 -99.0000 0 -99.0000 -99.0000 0
0.0000 160.0000 8.6999 -99.0000 1 -99.0000 -99.0000 0 -99.0000 -99.0000 0
40.0000 0.0000 8.6384 1.9374 21 30.7280 0.7736 17 23.7194 1.0000 16
40.0000 10.0000 8.2200 1.6744 20 30.9749 0.3920 15 24.0611 0.4670 15
40.0000 20.0000 5.9754 1.4723 21 31.4430 0.3698 16 24.7425 0.2852 16
40.0000 30.0000 4.0291 1.3086 21 31.7293 0.2822 16 25.1668 0.1759 16
40.0000 40.0000 2.6683 1.2581 21 31.8698 0.2238 16 25.3944 0.1504 16
40.0000 50.0000 2.0765 1.0400 20 32.0150 0.2115 17 25.5566 0.1534 16
40.0000 60.0000 2.0313 0.8800 21 32.1558 0.2304 16 25.6909 0.1670 16
40.0000 70.0000 2.2451 0.9639 20 32.2617 0.2285 15 25.7722 0.1555 15
40.0000 80.0000 2.3843 0.9413 21 32.4035 0.2350 17 25.8805 0.1567 16
40.0000 90.0000 2.7436 1.1770 19 32.4902 0.2719 15 25.9247 0.1594 15
40.0000 100.0000 3.5866 1.3492 20 32.7688 0.3360 16 26.0780 0.1770 16
40.0000 120.0000 5.0619 1.7980 19 33.3200 0.4253 15 26.3289 0.1781 15
40.0000 140.0000 6.7136 1.7890 19 33.7724 0.4059 16 26.5297 0.1544 16
40.0000 160.0000 7.5100 2.1138 15 34.0198 0.5462 9 26.6174 0.2277 9
40.0000 180.0000 7.9655 2.5069 7 -99.0000 -99.0000 0 -99.0000 -99.0000 0
40.0000 200.0000 9.7861 0.4046 2 -99.0000 -99.0000 0 -99.0000 -99.0000 0
40.0000 220.0000 10.1450 -99.0000 1 -99.0000 -99.0000 0 -99.0000 -99.0000 0
40.0000 240.0000 10.0642 -99.0000 1 -99.0000 -99.0000 0 -99.0000 -99.0000 0
85.0000 0.0000 9.5750 2.5920 22 31.5091 0.5822 14 24.2194 0.8791 12
85.0000 10.0000 8.8723 2.1220 23 31.6155 0.5216 15 24.4425 0.6459 15
85.0000 20.0000 7.1731 1.3759 23 31.8479 0.4061 16 24.9236 0.3580 16
85.0000 30.0000 5.1026 1.5598 23 32.0976 0.3756 15 25.3852 0.3037 15
85.0000 40.0000 3.9144 1.4442 23 32.3273 0.3026 15 25.6777 0.2064 15
85.0000 50.0000 3.6748 1.4827 23 32.6002 0.3234 15 25.9086 0.1784 15
85.0000 60.0000 4.0735 1.4623 23 32.8743 0.3933 14 26.0838 0.1925 14
85.0000 70.0000 4.9513 1.6412 23 33.2027 0.4524 15 26.2386 0.1977 15
85.0000 80.0000 5.7132 1.8988 21 33.4440 0.5218 13 26.3534 0.2081 12
85.0000 90.0000 6.5339 1.8797 22 33.7713 0.5376 14 26.4859 0.1954 14
85.0000 100.0000 7.4830 1.5531 22 34.1310 0.4404 15 26.6349 0.1383 15
85.0000 120.0000 8.6924 1.2877 21 34.4983 0.3810 13 26.7734 0.0910 13
85.0000 140.0000 9.1620 1.1329 22 34.6799 0.3085 14 26.8656 0.0776 14
85.0000 160.0000 9.4710 1.0235 21 34.7973 0.2754 14 26.9073 0.0541 14
85.0000 180.0000 9.5342 0.9773 21 34.8490 0.2544 13 26.9479 0.0440 13
85.0000 200.0000 9.4442 0.9582 20 34.8835 0.2490 13 26.9847 0.0468 13
85.0000 220.0000 9.3767 0.9742 19 34.9128 0.2403 13 27.0185 0.0517 13
85.0000 240.0000 9.1774 0.9353 16 34.9344 0.2309 13 27.0438 0.0584 13
85.0000 260.0000 9.0227 1.0185 17 34.9300 0.2245 14 27.0679 0.0654 14
85.0000 280.0000 9.3330 -99.0000 1 -99.0000 -99.0000 0 -99.0000 -99.0000 0
135.0000 0.0000 9.6331 2.8839 15 31.6624 0.4423 12 24.2207 0.7033 11
135.0000 10.0000 9.0081 2.6185 16 31.8864 0.3949 13 24.5024 0.5615 13
135.0000 20.0000 7.5817 2.2574 16 32.1156 0.4886 13 24.9464 0.4412 13
135.0000 30.0000 5.2781 1.2636 16 32.3477 0.4331 13 25.4911 0.3126 13
135.0000 40.0000 4.2144 1.3445 16 32.6164 0.4343 13 25.8348 0.2640 13
135.0000 50.0000 4.2907 1.4778 16 32.9319 0.4009 14 26.0890 0.2068 13
135.0000 60.0000 4.8676 1.5439 16 33.2352 0.4205 13 26.2511 0.1892 13
135.0000 70.0000 5.1090 1.5110 14 33.3606 0.4045 11 26.3190 0.1811 11
135.0000 80.0000 5.7365 1.6472 14 33.4993 0.4172 12 26.3638 0.1860 11
135.0000 90.0000 6.3726 3.0003 4 -99.0000 -99.0000 0 -99.0000 -99.0000 0
135.0000 100.0000 6.3383 3.2815 5 -99.0000 -99.0000 0 -99.0000 -99.0000 0
135.0000 120.0000 7.2434 2.7646 5 -99.0000 -99.0000 0 -99.0000 -99.0000 0
135.0000 140.0000 8.5106 1.8264 4 -99.0000 -99.0000 0 -99.0000 -99.0000 0
135.0000 160.0000 9.8196 0.3822 2 -99.0000 -99.0000 0 -99.0000 -99.0000 0
185.0000 0.0000 9.3408 2.3306 14 32.2551 0.3278 11 24.8712 0.5202 10
185.0000 10.0000 9.3355 2.8430 16 32.3168 0.3090 13 24.8572 0.5084 13
185.0000 20.0000 8.2793 2.4766 16 32.3675 0.2935 13 25.0843 0.3941 13
185.0000 30.0000 6.7440 2.6636 16 32.5308 0.3570 13 25.4336 0.3423 13
185.0000 40.0000 5.6882 2.6414 15 32.7282 0.4642 13 25.7024 0.3039 13
185.0000 50.0000 5.1059 2.7832 16 32.9147 0.5252 14 25.9520 0.2170 13
185.0000 60.0000 5.1109 3.0191 15 33.1678 0.6028 13 26.1674 0.1247 13
185.0000 70.0000 5.4524 2.7467 15 33.4084 0.5329 13 26.3431 0.1167 13
185.0000 80.0000 6.0744 2.6697 16 33.6453 0.5372 13 26.4585 0.1216 13
185.0000 90.0000 6.4119 2.4728 13 33.8575 0.4887 13 26.5427 0.1165 13
185.0000 100.0000 6.9335 2.3824 15 33.9540 0.4922 13 26.5776 0.1268 13
185.0000 120.0000 5.9519 -99.0000 1 33.9700 -99.0000 1 26.7439 -99.0000 1
235.0000 0.0000 10.2943 3.3571 12 32.2109 0.8777 12 24.6271 1.0088 12
235.0000 10.0000 9.3273 3.4515 14 32.5313 0.4353 14 25.0329 0.5609 14
235.0000 20.0000 8.3847 3.0217 14 32.7081 0.4188 14 25.3270 0.4634 14
235.0000 30.0000 7.1904 3.1239 14 32.9990 0.6210 14 25.7543 0.3760 14
235.0000 40.0000 6.4733 3.3883 14 33.2309 0.7126 14 26.0281 0.3163 14
235.0000 50.0000 6.4146 3.6546 13 33.4960 0.7027 13 26.2479 0.2569 13
235.0000 60.0000 6.4267 3.6040 12 33.7094 0.7149 12 26.4237 0.2068 12
235.0000 70.0000 6.9738 3.3128 13 33.9162 0.6986 13 26.5281 0.1850 13
235.0000 80.0000 7.7969 3.1923 12 34.2025 0.7240 12 26.6419 0.1849 12
235.0000 90.0000 8.3527 2.9165 12 34.4065 0.6329 12 26.7324 0.1337 12
235.0000 100.0000 8.9941 2.4758 14 34.5866 0.5519 14 26.7781 0.1332 14
235.0000 120.0000 9.6560 2.3569 14 34.8209 0.5034 13 26.8873 0.0987 13
235.0000 140.0000 9.3761 2.2161 12 34.8940 0.4484 12 26.9656 0.1094 12
235.0000 160.0000 9.5733 1.9975 11 34.9782 0.4083 11 27.0019 0.0824 11
235.0000 180.0000 9.2314 1.7025 13 35.0066 0.3206 13 27.0823 0.0882 13
235.0000 200.0000 9.0141 1.7485 12 35.0378 0.2642 12 27.1395 0.1049 12
235.0000 220.0000 8.8454 1.6246 11 35.0445 0.2487 11 27.1748 0.0916 11
235.0000 240.0000 8.1835 1.6751 12 34.9988 0.2348 12 27.2386 0.1008 12
235.0000 260.0000 8.0201 1.4763 11 35.0003 0.2134 11 27.2662 0.0911 11
235.0000 280.0000 7.7138 1.3886 11 34.9973 0.1843 11 27.3081 0.0906 11
235.0000 300.0000 7.4273 1.2440 12 34.9945 0.1597 12 27.3482 0.0840 12
235.0000 320.0000 7.1220 1.1841 11 34.9802 0.1475 11 27.3815 0.0833 11
235.0000 340.0000 6.6927 1.1143 11 34.9483 0.1412 11 27.4142 0.0822 11
235.0000 360.0000 6.2795 1.0236 12 34.9226 0.1336 12 27.4487 0.0729 12
235.0000 380.0000 6.1394 0.9628 11 34.9352 0.1192 11 27.4764 0.0706 11
235.0000 400.0000 5.9268 0.8593 11 34.9295 0.1049 11 27.5018 0.0637 11
235.0000 420.0000 5.6950 0.7340 12 34.9215 0.0892 12 27.5255 0.0562 12
235.0000 440.0000 5.6339 0.6768 12 34.9382 0.0773 12 27.5478 0.0527 12
235.0000 500.0000 5.2574 0.5043 11 34.9394 0.0593 11 27.5947 0.0402 11
235.0000 600.0000 4.8067 0.3039 11 34.9380 0.0347 11 27.6474 0.0236 11
235.0000 700.0000 4.5230 0.2249 11 34.9369 0.0323 11 27.6789 0.0205 11
235.0000 800.0000 4.3681 0.1509 11 34.9427 0.0273 11 27.7009 0.0224 11
235.0000 900.0000 4.2495 0.1354 9 34.9443 0.0245 9 27.7146 0.0235 9
235.0000 1000.0000 4.1493 0.1330 10 34.9398 0.0223 10 27.7215 0.0215 10
235.0000 1100.0000 4.0932 0.1504 7 34.9350 0.0099 7 27.7239 0.0126 7
235.0000 1200.0000 4.1539 0.1168 3 34.9416 0.0110 3 27.7213 0.0077 3
235.0000 1300.0000 4.0757 0.1169 3 34.9416 0.0126 3 27.7302 0.0084 3
235.0000 1400.0000 3.9887 0.1077 3 34.9409 0.0115 3 27.7384 0.0090 3
235.0000 1500.0000 3.8997 0.0775 3 34.9395 0.0093 3 27.7467 0.0076 3
235.0000 1600.0000 3.8192 0.0671 3 34.9366 0.0057 3 27.7539 0.0071 3
235.0000 1700.0000 3.7282 0.0592 3 34.9336 0.0055 3 27.7605 0.0076 3
235.0000 1800.0000 3.6313 0.0552 3 34.9322 0.0038 3 27.7673 0.0063 3
235.0000 1900.0000 3.5554 0.0610 3 34.9300 0.0000 3 27.7750 0.0085 3
235.0000 2000.0000 3.4695 0.0665 4 34.9271 0.0048 4 27.7795 0.0075 4
285.0000 0.0000 10.0789 3.7175 8 32.6454 0.3607 7 24.9809 0.9195 7
285.0000 10.0000 10.0800 3.9103 6 32.8361 0.4410 5 25.1188 0.4772 5
285.0000 20.0000 9.8967 3.4707 7 33.0668 0.5556 6 25.3518 0.2513 6
285.0000 30.0000 9.2533 3.4836 8 33.6064 0.8212 7 25.8933 0.3211 7
285.0000 40.0000 8.1618 3.4031 7 33.8260 0.9430 6 26.2240 0.2686 6
285.0000 50.0000 8.3768 4.2951 5 34.1984 1.1646 4 26.4364 0.2234 4
285.0000 60.0000 9.5767 3.8045 8 34.4423 0.7271 7 26.4475 0.2375 7
285.0000 70.0000 10.1918 3.0615 6 34.5923 0.5685 6 26.5551 0.2080 6
285.0000 80.0000 10.1072 2.8410 6 34.7699 0.6413 5 26.6963 0.1510 5
285.0000 90.0000 9.2049 2.7407 4 34.6714 0.6158 4 26.7938 0.0999 4
285.0000 100.0000 10.0399 2.7857 7 34.8875 0.5401 6 26.8170 0.1298 6
285.0000 120.0000 9.9634 3.4138 5 34.9554 0.5565 5 26.8704 0.1556 5
285.0000 140.0000 9.7276 3.2334 6 34.9961 0.5286 6 26.9466 0.1549 6
285.0000 160.0000 10.4780 2.8885 5 35.2162 0.4103 5 27.0008 0.1872 5
285.0000 180.0000 8.7533 2.7705 5 34.9650 0.4093 5 27.0949 0.1383 5
285.0000 200.0000 8.6034 2.7245 5 34.9761 0.3774 5 27.1275 0.1489 5
285.0000 220.0000 8.7039 2.8481 6 35.0296 0.3784 6 27.1491 0.1634 6
285.0000 240.0000 8.3009 2.7267 5 34.9994 0.3487 5 27.1939 0.1646 5
285.0000 260.0000 7.9592 3.0290 4 34.9535 0.3824 4 27.2043 0.1716 4
285.0000 280.0000 7.7353 2.4299 5 34.9797 0.2945 5 27.2704 0.1550 5
285.0000 300.0000 7.6105 2.6325 4 34.9904 0.3134 4 27.2923 0.1623 4
285.0000 320.0000 7.2311 2.0942 5 34.9624 0.2337 5 27.3362 0.1318 5
285.0000 340.0000 7.1967 2.5801 3 34.9575 0.2720 3 27.3306 0.1553 3
285.0000 360.0000 6.9191 2.3408 3 34.9401 0.2325 3 27.3603 0.1457 3
285.0000 380.0000 6.7506 2.1360 3 34.9505 0.2053 3 27.3949 0.1324 3
285.0000 400.0000 6.9380 1.8039 4 34.9863 0.1735 4 27.4014 0.1160 4
285.0000 420.0000 6.6477 1.6574 4 34.9870 0.1603 4 27.4435 0.1027 4
285.0000 440.0000 5.7980 1.5531 4 34.9302 0.1479 4 27.5111 0.1026 4
285.0000 500.0000 5.4227 1.0084 5 34.9371 0.1093 5 27.5707 0.0702 5
285.0000 600.0000 5.1090 0.7177 5 34.9390 0.0806 5 27.6115 0.0435 5
285.0000 700.0000 4.6377 0.4653 5 34.9324 0.0685 5 27.6612 0.0276 5
285.0000 800.0000 4.4156 0.3093 7 34.9365 0.0501 7 27.6905 0.0255 7
285.0000 900.0000 4.2698 0.3548 3 34.9113 0.0677 3 27.6856 0.0220 3
285.0000 1000.0000 4.1848 0.2246 4 34.9252 0.0507 4 27.7050 0.0251 4
285.0000 1100.0000 4.1477 0.1579 3 34.9223 0.0422 3 27.7071 0.0218 3
285.0000 1200.0000 4.0995 0.0933 3 34.9300 0.0265 3 27.7183 0.0187 3
285.0000 1300.0000 4.0459 0.1028 3 34.9342 0.0197 3 27.7284 0.0189 3
285.0000 1400.0000 3.9737 0.1183 3 34.9407 0.0112 3 27.7402 0.0137 3
285.0000 1500.0000 3.8326 0.1421 4 34.9372 0.0092 4 27.7513 0.0114 4
285.0000 1600.0000 3.7922 0.1041 3 34.9367 0.0103 3 27.7568 0.0094 3
285.0000 1700.0000 3.7035 0.1159 3 34.9335 0.0062 3 27.7625 0.0114 3
285.0000 1800.0000 3.6184 0.1252 3 34.9333 0.0057 3 27.7703 0.0105 3
285.0000 1900.0000 3.5281 0.1146 3 34.9317 0.0047 3 27.7781 0.0108 3
285.0000 2000.0000 3.4458 0.0996 3 34.9268 0.0059 3 27.7836 0.0102 3
285.0000 2100.0000 3.3763 0.0897 3 34.9266 0.0057 3 27.7895 0.0107 3
285.0000 2200.0000 3.2981 0.0869 3 34.9266 0.0057 3 27.7979 0.0106 3
285.0000 2300.0000 3.2179 0.0880 3 34.9266 0.0057 3 27.8043 0.0096 3
285.0000 2400.0000 3.1620 0.1069 3 34.9266 0.0057 3 27.8078 0.0105 3
285.0000 2500.0000 3.0769 0.0880 3 34.9234 0.0052 3 27.8154 0.0074 3
285.0000 2600.0000 2.9819 0.0907 3 34.9199 0.0002 3 27.8202 0.0099 3
285.0000 2700.0000 2.8809 0.0744 3 34.9147 0.0047 3 27.8265 0.0060 3
285.0000 2800.0000 2.8115 0.0554 4 34.9224 0.0189 4 27.8381 0.0215 4
285.0000 2900.0000 2.8199 -99.0000 1 34.9166 -99.0000 1 27.8299 -99.0000 1
