0.0000 0.0000 2.0383 1.2447 17 30.9196 0.4267 13 24.6948 0.3534 13
0.0000 10.0000 2.0157 1.1301 19 30.9996 0.2775 15 24.7567 0.2512 15
0.0000 20.0000 1.7460 1.1225 19 31.0801 0.2670 15 24.8406 0.2457 15
0.0000 30.0000 1.3340 1.1357 19 31.2976 0.3582 15 25.0371 0.2964 15
0.0000 40.0000 1.0888 1.1351 18 31.4890 0.4417 15 25.1982 0.3340 15
0.0000 50.0000 1.1959 1.1465 18 31.6178 0.4716 14 25.3013 0.3449 14
0.0000 60.0000 1.2332 1.0963 17 31.7475 0.4916 14 25.4017 0.3478 14
0.0000 70.0000 1.4321 1.1182 16 31.8618 0.4733 14 25.4821 0.3277 14
0.0000 80.0000 1.7356 1.2268 16 31.9870 0.4660 14 25.5668 0.3124 14
0.0000 90.0000 1.9985 1.4621 11 32.1219 0.3454 8 25.6511 0.1873 8
0.0000 100.0000 1.7058 1.7542 7 -99.0000 -99.0000 3 -99.0000 -99.0000 3
40.0000 0.0000 2.1904 1.1670 20 31.2353 0.1785 16 24.9405 0.1770 16
40.0000 10.0000 2.0781 1.1160 19 31.2024 0.2359 17 24.9223 0.2022 17
40.0000 20.0000 1.7140 1.0833 19 31.3033 0.2473 17 25.0222 0.1970 17
40.0000 30.0000 1.3303 1.0721 19 31.4678 0.2610 17 25.1785 0.1947 17
40.0000 40.0000 1.2911 1.1131 19 31.6585 0.2671 17 25.3306 0.1956 17
40.0000 50.0000 1.2970 1.0826 19 31.7895 0.2859 17 25.4328 0.2025 17
40.0000 60.0000 1.4948 1.0781 19 31.9215 0.2770 17 25.5272 0.1862 17
40.0000 70.0000 1.8682 1.0922 19 32.0655 0.2709 17 25.6270 0.1720 17
40.0000 80.0000 2.3011 1.3187 19 32.2256 0.2656 17 25.7280 0.1605 17
40.0000 90.0000 2.6544 1.5874 19 32.3400 0.2789 17 25.7872 0.1718 17
40.0000 100.0000 3.4697 1.9964 19 32.5950 0.3464 16 25.9283 0.1791 16
40.0000 120.0000 5.0096 2.2859 19 33.0244 0.5073 16 26.1350 0.2385 16
40.0000 140.0000 6.4472 2.0679 19 33.5300 0.5168 16 26.3615 0.2245 16
40.0000 160.0000 7.3603 1.6872 19 33.9075 0.5236 15 26.5350 0.2511 15
40.0000 180.0000 7.5568 1.4627 12 34.2328 0.2436 6 26.7177 0.1260 6
85.0000 0.0000 3.3010 1.3358 25 31.8063 0.2619 16 25.3170 0.2074 16
85.0000 10.0000 3.3061 1.3578 23 31.8744 0.2250 16 25.2986 0.2920 17
85.0000 20.0000 3.2063 1.3224 24 31.9039 0.2722 18 25.3498 0.2686 19
85.0000 30.0000 2.8899 1.1874 25 32.0462 0.3012 18 25.4856 0.2505 19
85.0000 40.0000 2.7481 1.2037 23 32.2326 0.3448 17 25.6371 0.2729 18
85.0000 50.0000 2.9048 1.3032 24 32.4853 0.4028 18 25.8097 0.2772 19
85.0000 60.0000 3.6397 1.5210 23 32.8356 0.4704 17 26.0001 0.2807 18
85.0000 70.0000 4.6213 1.8828 24 33.1912 0.5104 18 26.1869 0.2541 19
85.0000 80.0000 5.7017 2.1893 24 33.5669 0.5860 17 26.3456 0.2552 18
85.0000 90.0000 6.5712 2.0079 21 33.8660 0.5207 16 26.4661 0.2305 17
85.0000 100.0000 7.4924 1.8544 24 34.1555 0.4975 17 26.5790 0.2171 18
85.0000 120.0000 8.6883 1.4828 22 34.5289 0.4548 16 26.7288 0.2140 17
85.0000 140.0000 9.1330 1.1961 21 34.7213 0.3577 17 26.8231 0.1955 18
85.0000 160.0000 9.2290 1.0442 22 34.7984 0.3252 16 26.8800 0.2044 17
85.0000 180.0000 9.2607 0.9843 22 34.8708 0.2723 16 26.9285 0.2036 17
85.0000 200.0000 9.1306 0.9464 21 34.8748 0.2490 16 26.9600 0.1973 17
85.0000 220.0000 9.1368 0.9321 20 34.8977 0.2418 15 26.9863 0.2004 16
85.0000 240.0000 9.0013 0.9204 18 34.8960 0.2360 14 27.0068 0.1971 15
85.0000 260.0000 8.8592 1.0562 16 34.9175 0.2348 15 27.0651 0.0715 15
135.0000 0.0000 3.4846 1.1187 19 32.0853 0.3517 17 25.5038 0.2850 17
135.0000 10.0000 3.5565 1.1635 19 32.0528 0.3325 17 25.4777 0.2891 17
135.0000 20.0000 3.4784 1.1227 20 32.1250 0.3615 18 25.5451 0.3058 18
135.0000 30.0000 3.3843 1.1053 20 32.2224 0.3260 18 25.6314 0.2650 18
135.0000 40.0000 3.2237 1.0930 19 32.3768 0.3209 18 25.7670 0.2417 18
135.0000 50.0000 3.5711 1.0762 20 32.5737 0.3883 17 25.8862 0.2610 17
135.0000 60.0000 4.5083 1.3550 20 32.8920 0.4172 16 26.0556 0.2429 16
135.0000 70.0000 5.4754 1.3443 21 33.3044 0.3552 17 26.2593 0.1944 17
135.0000 80.0000 6.3348 1.5021 18 33.5572 0.3601 15 26.3648 0.1780 16
185.0000 0.0000 3.5133 1.3748 18 32.2748 0.3959 16 25.6630 0.3434 16
185.0000 10.0000 3.7417 1.4584 17 32.3294 0.3653 16 25.6823 0.3173 16
185.0000 20.0000 3.6609 1.4714 18 32.3626 0.3626 17 25.7177 0.2973 17
185.0000 30.0000 3.7414 1.5954 18 32.4559 0.3875 17 25.7877 0.2913 17
185.0000 40.0000 3.8754 1.8226 18 32.5861 0.4646 17 25.8768 0.2961 17
185.0000 50.0000 4.0006 2.0669 18 32.7406 0.4721 17 25.9848 0.2707 17
185.0000 60.0000 4.4447 2.3374 17 32.9826 0.4878 16 26.1263 0.2403 16
185.0000 70.0000 5.0315 2.6086 17 33.2111 0.5596 16 26.2355 0.2387 16
185.0000 80.0000 5.7971 2.7096 17 33.4930 0.5922 16 26.3636 0.2482 16
185.0000 90.0000 6.2626 2.7199 16 33.6766 0.5222 16 26.4319 0.2555 16
185.0000 100.0000 6.4602 2.5282 17 33.7808 0.4769 16 26.4777 0.2426 16
235.0000 0.0000 4.9921 2.3673 13 32.9036 0.7667 12 25.9549 0.3876 12
235.0000 10.0000 5.1225 2.3234 13 32.9498 0.6847 12 25.9677 0.2688 12
235.0000 20.0000 5.2391 2.3440 13 33.0476 0.6942 13 26.0434 0.2680 13
235.0000 30.0000 5.3377 2.8333 12 33.2510 0.8500 11 26.1483 0.2484 11
235.0000 40.0000 5.4738 3.0501 12 33.4191 0.8317 12 26.2694 0.2232 12
235.0000 50.0000 5.8709 3.1491 12 33.6632 0.8377 11 26.3936 0.1966 11
235.0000 60.0000 6.7317 3.1851 13 33.9630 0.7986 12 26.5166 0.1605 12
235.0000 70.0000 8.6823 3.1152 12 34.4364 0.7828 12 26.6436 0.1477 12
235.0000 80.0000 9.1022 3.5306 14 34.5392 0.8539 14 26.6819 0.1548 14
235.0000 90.0000 9.2514 3.3702 12 34.6391 0.7974 12 26.7243 0.1290 12
235.0000 100.0000 9.6986 3.1026 14 34.7604 0.6925 14 26.7649 0.0952 14
235.0000 120.0000 10.2665 2.2178 12 34.9856 0.4610 12 26.8596 0.0526 12
235.0000 140.0000 9.8956 2.1204 11 34.9885 0.4357 11 26.9276 0.0458 11
235.0000 160.0000 9.5944 1.9850 12 34.9877 0.3914 12 26.9831 0.0566 12
235.0000 180.0000 9.7488 1.9671 13 35.0802 0.3513 13 27.0322 0.0926 13
235.0000 200.0000 9.5563 1.8510 14 35.1071 0.3089 14 27.0889 0.0974 14
235.0000 220.0000 9.2672 1.6727 13 35.1031 0.2590 13 27.1372 0.1039 13
235.0000 240.0000 8.8238 1.7072 13 35.0633 0.2879 12 27.1870 0.1211 12
235.0000 260.0000 8.5270 1.6962 14 35.0530 0.2747 14 27.2167 0.1092 14
235.0000 280.0000 7.8327 1.7129 11 34.9613 0.2483 11 27.2484 0.0898 11
235.0000 300.0000 7.7122 1.3805 10 34.9855 0.1902 10 27.2880 0.0820 10
235.0000 320.0000 7.2877 1.3412 11 34.9549 0.1865 11 27.3260 0.0721 11
235.0000 340.0000 6.9347 1.2782 11 34.9357 0.1699 11 27.3603 0.0666 11
235.0000 360.0000 6.5744 1.0666 13 34.9154 0.1353 13 27.3966 0.0590 13
235.0000 380.0000 6.3511 0.9553 11 34.9156 0.1140 11 27.4273 0.0586 11
235.0000 400.0000 6.2014 0.8150 11 34.9260 0.1019 11 27.4573 0.0520 11
235.0000 420.0000 5.9814 0.8649 10 34.9177 0.1049 10 27.4793 0.0528 10
235.0000 440.0000 5.8564 0.8021 10 34.9302 0.1011 10 27.5060 0.0471 10
235.0000 500.0000 5.3250 0.5393 13 34.9122 0.0733 13 27.5628 0.0310 13
235.0000 600.0000 4.9513 0.2986 9 34.9434 0.0269 9 27.6360 0.0253 9
235.0000 700.0000 4.5997 0.2149 10 34.9345 0.0312 10 27.6685 0.0201 10
235.0000 800.0000 4.4323 0.1494 10 34.9447 0.0209 10 27.6954 0.0176 10
235.0000 900.0000 4.2819 0.1290 8 34.9432 0.0154 8 27.7106 0.0155 8
235.0000 1000.0000 4.1610 0.1246 8 34.9399 0.0171 8 27.7204 0.0127 8
285.0000 0.0000 6.7472 3.0445 12 33.2517 1.1212 10 25.9580 0.4899 10
285.0000 10.0000 6.0279 3.5721 12 33.2683 0.9927 11 26.0821 0.3044 11
285.0000 20.0000 6.2117 3.8337 12 33.4966 1.0516 10 26.1708 0.3145 10
285.0000 30.0000 6.5310 4.0209 13 33.7243 1.0439 11 26.2891 0.3007 11
285.0000 40.0000 6.7091 3.9854 14 33.8098 0.9886 13 26.3819 0.2430 13
285.0000 50.0000 7.0321 4.0897 13 34.0193 0.9386 12 26.4960 0.1841 12
285.0000 60.0000 7.7185 4.0655 13 34.2807 0.8726 12 26.5770 0.1387 12
285.0000 70.0000 8.4978 4.1241 9 34.4113 0.8830 9 26.6208 0.1432 9
285.0000 80.0000 8.8541 3.7966 12 34.6417 0.7933 11 26.6981 0.1429 11
285.0000 90.0000 9.1459 3.5439 9 34.6269 0.7451 9 26.7251 0.1279 9
285.0000 100.0000 9.5258 3.0333 13 34.8530 0.6009 12 26.7997 0.1253 12
285.0000 120.0000 10.5746 2.3547 10 35.0524 0.4596 10 26.8483 0.1377 10
285.0000 140.0000 10.4796 2.1747 11 35.0834 0.3845 11 26.9018 0.1477 11
285.0000 160.0000 10.9466 2.2516 9 35.2419 0.3763 9 26.9464 0.1695 9
285.0000 180.0000 10.1501 2.5716 10 35.1417 0.4285 10 27.0072 0.1700 10
285.0000 200.0000 10.0962 2.4521 9 35.1657 0.3875 9 27.0427 0.1841 9
285.0000 220.0000 9.3915 2.5003 10 35.0926 0.3565 10 27.0956 0.1878 10
285.0000 240.0000 9.1511 2.5757 10 35.1082 0.3493 10 27.1451 0.1956 10
285.0000 260.0000 8.9363 2.2548 11 35.1220 0.3069 10 27.1911 0.1892 10
285.0000 280.0000 8.5753 2.4486 10 35.0556 0.3179 10 27.1995 0.1503 10
285.0000 300.0000 8.9690 2.5751 6 35.1055 0.3234 6 27.1740 0.1417 6
285.0000 320.0000 7.8563 2.2483 6 35.0106 0.2656 6 27.2799 0.1290 6
285.0000 340.0000 7.7909 2.1561 5 35.0092 0.2539 5 27.2900 0.1128 5
285.0000 360.0000 7.6289 1.9424 5 35.0091 0.2205 5 27.3190 0.1050 5
285.0000 380.0000 7.0072 1.5694 7 34.9829 0.1651 7 27.3929 0.1103 7
285.0000 400.0000 6.8972 1.6609 5 34.9559 0.1688 5 27.3849 0.0974 5
285.0000 420.0000 6.5548 1.4747 5 34.9377 0.1407 5 27.4204 0.0906 5
285.0000 440.0000 6.0962 1.2998 6 34.9288 0.1098 6 27.4760 0.0909 6
285.0000 500.0000 5.6544 0.8990 9 34.9429 0.0835 9 27.5455 0.0661 9
285.0000 800.0000 4.4954 0.2432 7 34.9637 0.0286 7 27.7029 0.0276 7
285.0000 1000.0000 4.1959 0.1546 7 34.9416 0.0205 6 27.7174 0.0171 6
285.0000 1500.0000 3.7574 0.1240 6 34.9274 0.0155 5 27.7522 0.0059 5
