0.0000 0.0000 13.1520 1.4394 5 31.2946 -99.0000 1 23.3253 -99.0000 1
0.0000 10.0000 12.5267 1.7853 5 31.3616 -99.0000 1 23.3958 -99.0000 1
0.0000 20.0000 10.9197 2.8328 5 31.4983 -99.0000 1 23.8650 -99.0000 1
0.0000 30.0000 8.0731 2.8512 5 31.5400 -99.0000 1 24.0716 -99.0000 1
0.0000 40.0000 6.2106 2.8503 5 31.7260 -99.0000 1 24.8299 -99.0000 1
0.0000 50.0000 5.1680 2.4284 5 31.8859 -99.0000 1 24.9780 -99.0000 1
0.0000 60.0000 3.1416 0.6458 3 -99.0000 -99.0000 0 -99.0000 -99.0000 0
0.0000 70.0000 3.1233 0.2421 3 -99.0000 -99.0000 0 -99.0000 -99.0000 0
0.0000 80.0000 3.4862 0.2492 2 -99.0000 -99.0000 0 -99.0000 -99.0000 0
0.0000 90.0000 3.7964 0.3910 2 -99.0000 -99.0000 0 -99.0000 -99.0000 0
0.0000 100.0000 3.7333 -99.0000 1 -99.0000 -99.0000 0 -99.0000 -99.0000 0
40.0000 0.0000 14.1616 2.0453 20 30.2916 0.5667 3 22.8049 0.3074 3
40.0000 10.0000 14.2100 1.7401 19 -99.0000 -99.0000 0 -99.0000 -99.0000 0
40.0000 20.0000 13.3960 1.5962 20 -99.0000 -99.0000 0 -99.0000 -99.0000 0
40.0000 30.0000 10.8623 2.7549 20 -99.0000 -99.0000 0 -99.0000 -99.0000 0
40.0000 40.0000 7.8878 2.9793 20 -99.0000 -99.0000 0 -99.0000 -99.0000 0
40.0000 50.0000 5.5910 2.3125 20 -99.0000 -99.0000 0 -99.0000 -99.0000 0
40.0000 60.0000 4.1901 1.3709 20 -99.0000 -99.0000 0 -99.0000 -99.0000 0
40.0000 70.0000 3.7500 0.9433 19 -99.0000 -99.0000 0 -99.0000 -99.0000 0
40.0000 80.0000 3.7528 0.8891 20 -99.0000 -99.0000 0 -99.0000 -99.0000 0
40.0000 90.0000 4.1693 1.1100 18 -99.0000 -99.0000 0 -99.0000 -99.0000 0
40.0000 100.0000 4.7987 1.1199 19 -99.0000 -99.0000 0 -99.0000 -99.0000 0
40.0000 120.0000 6.1591 1.3241 19 33.4599 -99.0000 1 26.4699 -99.0000 1
40.0000 140.0000 7.5362 1.1152 19 -99.0000 -99.0000 0 -99.0000 -99.0000 0
40.0000 160.0000 8.2216 0.8629 18 34.0133 0.5472 3 26.5000 0.4103 3
40.0000 180.0000 8.5325 1.1736 14 34.8349 0.1484 2 26.8900 0.0282 2
40.0000 200.0000 8.0171 2.3024 6 -99.0000 -99.0000 0 -99.0000 -99.0000 0
85.0000 0.0000 13.8940 1.9508 22 30.9440 0.2392 5 23.3300 0.1743 5
85.0000 10.0000 14.0115 1.8850 22 30.8987 0.3462 4 23.3775 0.1517 4
85.0000 20.0000 13.7785 1.7041 21 31.0549 0.3139 4 23.5062 0.1160 4
85.0000 30.0000 11.2346 2.0486 21 31.3944 0.7946 3 23.6652 0.3423 3
85.0000 40.0000 7.8035 2.0800 22 32.1387 -99.0000 1 24.5823 -99.0000 1
85.0000 50.0000 4.8643 1.5104 21 32.4848 0.2325 4 25.3147 0.6283 4
85.0000 60.0000 3.8892 0.9229 21 32.8572 -99.0000 1 25.9871 -99.0000 1
85.0000 70.0000 3.8133 1.0807 22 33.2471 0.0606 2 26.2905 0.0133 2
85.0000 80.0000 4.4148 1.2506 22 33.0702 0.3504 3 26.1924 0.2069 3
85.0000 90.0000 5.2145 1.2937 20 33.6902 -99.0000 1 26.4894 -99.0000 1
85.0000 100.0000 5.9190 1.5542 22 33.7277 0.4119 4 26.4834 0.1853 4
85.0000 120.0000 7.5378 1.1399 19 34.1777 0.1806 2 26.6647 0.0491 2
85.0000 140.0000 8.5381 0.7761 19 34.6257 0.1191 2 26.8430 0.0946 2
85.0000 160.0000 8.8854 0.8750 21 34.5638 0.2235 3 26.8272 0.1250 3
85.0000 180.0000 9.3260 0.4687 18 34.8649 -99.0000 1 26.8772 -99.0000 1
85.0000 200.0000 9.2013 0.7140 19 34.8313 0.1321 4 26.9702 0.0985 4
85.0000 220.0000 9.2399 0.7665 19 34.8479 0.1951 2 26.9173 0.0386 2
85.0000 240.0000 9.2383 0.7254 14 34.9099 0.0565 2 27.0550 0.0777 2
85.0000 260.0000 9.6429 0.3920 6 -99.0000 -99.0000 0 -99.0000 -99.0000 0
85.0000 280.0000 10.0129 1.0199 3 -99.0000 -99.0000 0 -99.0000 -99.0000 0
85.0000 300.0000 9.4805 0.0426 3 -99.0000 -99.0000 0 -99.0000 -99.0000 0
85.0000 320.0000 9.4649 0.0919 2 -99.0000 -99.0000 0 -99.0000 -99.0000 0
85.0000 340.0000 9.5000 -99.0000 1 -99.0000 -99.0000 0 -99.0000 -99.0000 0
130.0000 0.0000 14.3993 2.1041 14 30.9961 0.6090 7 23.1119 0.6032 7
130.0000 10.0000 14.1310 2.2346 12 31.0394 0.0396 2 22.9624 1.0641 2
130.0000 20.0000 13.1741 2.3831 13 31.2805 0.2269 2 23.5146 0.3304 2
130.0000 30.0000 10.6148 3.7458 13 31.9152 0.6318 2 24.7716 0.8617 2
130.0000 40.0000 7.5986 2.7621 14 32.4650 0.3407 2 25.4129 0.3112 2
130.0000 50.0000 4.9996 1.4233 13 32.9084 0.0005 2 25.8455 0.0487 2
130.0000 60.0000 4.5666 1.1926 14 33.2192 0.1361 2 26.0507 0.2259 2
130.0000 70.0000 4.9531 1.1008 12 33.2931 0.3835 2 26.2124 0.2807 2
130.0000 80.0000 5.3467 1.3284 13 33.4196 0.4980 2 26.3024 0.2987 2
130.0000 90.0000 5.8112 1.6083 10 33.6018 0.4976 2 26.3710 0.2807 2
130.0000 100.0000 6.6342 1.6503 12 33.7399 0.4735 3 26.4870 0.2204 3
130.0000 120.0000 7.8040 1.6305 12 34.0889 0.4398 2 26.6338 0.1536 2
130.0000 140.0000 8.8216 1.1449 13 34.5464 0.1988 4 26.7867 0.0843 4
130.0000 160.0000 9.5279 0.6953 9 34.6599 0.3394 2 26.7683 0.2097 2
130.0000 180.0000 9.2087 0.7202 8 34.7200 -99.0000 1 27.0499 -99.0000 1
130.0000 200.0000 9.6890 1.0272 5 34.6800 -99.0000 1 26.8700 -99.0000 1
130.0000 220.0000 9.1377 0.9346 3 -99.0000 -99.0000 0 -99.0000 -99.0000 0
170.0000 0.0000 14.3812 3.3973 16 31.8445 0.8067 7 23.7681 0.8109 7
170.0000 10.0000 14.8769 2.7203 14 31.4270 0.2866 5 23.3202 0.8024 5
170.0000 20.0000 14.5692 2.1289 15 31.7379 0.3054 5 23.6752 0.5762 5
170.0000 30.0000 12.8196 2.3938 15 32.2818 0.5290 5 24.5611 0.4792 5
170.0000 40.0000 9.8083 2.5959 14 32.9088 0.3227 3 25.6109 0.3049 3
170.0000 50.0000 7.1807 2.2577 15 33.1553 0.4741 5 25.7339 0.5020 5
170.0000 60.0000 6.2607 1.8087 14 33.5060 0.5154 3 26.2424 0.1591 3
170.0000 70.0000 6.0981 2.0355 14 33.7588 0.4923 3 26.4107 0.1444 3
170.0000 80.0000 7.1277 1.8794 15 33.9886 0.4075 5 26.3821 0.3249 5
170.0000 90.0000 7.4651 2.4550 14 34.5098 0.2686 3 26.6664 0.0785 3
170.0000 100.0000 8.2763 2.4274 15 34.4785 0.5980 5 26.7057 0.1087 5
170.0000 120.0000 8.9099 2.0925 14 35.0147 0.2386 3 26.8896 0.0191 3
170.0000 140.0000 9.6437 1.2471 13 35.0562 0.1690 5 26.9709 0.0576 5
170.0000 160.0000 9.8007 1.1183 12 34.9909 0.2795 5 26.9947 0.0306 5
170.0000 180.0000 9.9720 0.9056 8 35.1566 0.0094 2 27.0716 0.0259 2
170.0000 200.0000 9.5172 0.9386 6 34.9931 0.2728 3 27.1395 0.0577 3
170.0000 220.0000 9.4589 0.7316 7 35.1392 0.0646 2 27.1428 0.0482 2
170.0000 240.0000 8.9102 0.8809 5 35.1169 0.1032 2 27.1783 0.0723 2
170.0000 260.0000 8.1210 1.3712 3 34.9854 0.2117 3 27.2698 0.0626 3
170.0000 280.0000 7.4694 1.0037 3 35.0019 -99.0000 1 27.2944 -99.0000 1
170.0000 300.0000 7.9271 0.3434 3 34.9785 -99.0000 1 27.3249 -99.0000 1
170.0000 320.0000 7.1350 -99.0000 1 34.9534 -99.0000 1 27.3635 -99.0000 1
170.0000 340.0000 6.6114 -99.0000 1 34.9385 -99.0000 1 27.4242 -99.0000 1
215.0000 0.0000 15.5499 1.6725 9 31.8900 1.4990 2 23.8325 1.1349 2
215.0000 10.0000 15.8946 1.0758 7 -99.0000 -99.0000 0 -99.0000 -99.0000 0
215.0000 20.0000 16.0005 1.0308 8 -99.0000 -99.0000 0 -99.0000 -99.0000 0
215.0000 30.0000 15.5247 1.0416 8 -99.0000 -99.0000 0 -99.0000 -99.0000 0
215.0000 40.0000 13.2989 1.3046 8 -99.0000 -99.0000 0 -99.0000 -99.0000 0
215.0000 50.0000 10.2144 1.2544 8 -99.0000 -99.0000 0 -99.0000 -99.0000 0
215.0000 60.0000 8.5500 1.6821 8 -99.0000 -99.0000 0 -99.0000 -99.0000 0
215.0000 70.0000 8.3211 1.5539 7 -99.0000 -99.0000 0 -99.0000 -99.0000 0
215.0000 80.0000 9.0975 1.2743 8 -99.0000 -99.0000 0 -99.0000 -99.0000 0
215.0000 90.0000 9.9984 1.3425 7 -99.0000 -99.0000 0 -99.0000 -99.0000 0
215.0000 100.0000 10.1035 1.0383 8 -99.0000 -99.0000 0 -99.0000 -99.0000 0
215.0000 120.0000 10.6497 0.7372 8 -99.0000 -99.0000 0 -99.0000 -99.0000 0
215.0000 140.0000 10.8742 0.8783 8 -99.0000 -99.0000 0 -99.0000 -99.0000 0
215.0000 160.0000 10.7825 0.7823 8 -99.0000 -99.0000 0 -99.0000 -99.0000 0
215.0000 180.0000 10.5386 0.9865 8 -99.0000 -99.0000 0 -99.0000 -99.0000 0
215.0000 200.0000 10.2148 0.9656 8 -99.0000 -99.0000 0 -99.0000 -99.0000 0
215.0000 220.0000 9.5686 0.8717 8 -99.0000 -99.0000 0 -99.0000 -99.0000 0
215.0000 240.0000 9.3992 1.1413 8 -99.0000 -99.0000 0 -99.0000 -99.0000 0
215.0000 260.0000 8.9650 0.9880 8 -99.0000 -99.0000 0 -99.0000 -99.0000 0
215.0000 280.0000 8.3144 0.5597 7 34.9900 -99.0000 1 27.2399 -99.0000 1
215.0000 300.0000 7.9786 0.5624 8 -99.0000 -99.0000 0 -99.0000 -99.0000 0
215.0000 320.0000 7.6257 0.5093 7 -99.0000 -99.0000 0 -99.0000 -99.0000 0
215.0000 340.0000 7.2671 0.4957 7 -99.0000 -99.0000 0 -99.0000 -99.0000 0
215.0000 360.0000 6.7193 0.3808 5 -99.0000 -99.0000 0 -99.0000 -99.0000 0
215.0000 380.0000 6.6659 0.5235 7 -99.0000 -99.0000 0 -99.0000 -99.0000 0
215.0000 400.0000 6.4209 0.5371 8 -99.0000 -99.0000 0 -99.0000 -99.0000 0
215.0000 420.0000 6.1503 0.6304 7 -99.0000 -99.0000 0 -99.0000 -99.0000 0
215.0000 440.0000 5.9592 0.5793 8 -99.0000 -99.0000 0 -99.0000 -99.0000 0
215.0000 500.0000 5.5712 0.4903 8 -99.0000 -99.0000 0 -99.0000 -99.0000 0
215.0000 600.0000 4.9659 0.3608 6 -99.0000 -99.0000 0 -99.0000 -99.0000 0
215.0000 700.0000 4.5968 0.2912 6 -99.0000 -99.0000 0 -99.0000 -99.0000 0
215.0000 800.0000 4.4199 0.2442 6 -99.0000 -99.0000 0 -99.0000 -99.0000 0
215.0000 900.0000 4.3651 0.1062 2 -99.0000 -99.0000 0 -99.0000 -99.0000 0
215.0000 1000.0000 4.4800 -99.0000 1 -99.0000 -99.0000 0 -99.0000 -99.0000 0
280.0000 0.0000 19.0881 3.3665 7 34.0000 -99.0000 1 24.1800 -99.0000 1
280.0000 10.0000 18.7908 3.2178 7 34.0266 -99.0000 1 24.1899 -99.0000 1
280.0000 20.0000 19.0011 2.8946 7 34.5040 -99.0000 1 24.4140 -99.0000 1
280.0000 30.0000 18.3613 3.1879 7 35.1575 -99.0000 1 24.7074 -99.0000 1
280.0000 40.0000 15.6969 5.4308 7 35.3419 -99.0000 1 25.7939 -99.0000 1
280.0000 50.0000 13.9138 6.4301 8 -99.0000 -99.0000 0 -99.0000 -99.0000 0
280.0000 60.0000 11.3636 5.6898 7 34.6849 -99.0000 1 26.5300 -99.0000 1
280.0000 70.0000 10.8793 5.1447 7 34.9759 -99.0000 1 26.6679 -99.0000 1
280.0000 80.0000 11.8057 4.8996 8 35.1874 -99.0000 1 26.7650 -99.0000 1
280.0000 90.0000 11.3266 4.1027 7 35.2266 -99.0000 1 26.7933 -99.0000 1
280.0000 100.0000 11.6814 3.5323 7 35.3444 -99.0000 1 26.8444 -99.0000 1
280.0000 120.0000 12.0211 2.8622 7 35.4937 -99.0000 1 26.9262 -99.0000 1
280.0000 140.0000 12.2622 2.2844 8 35.4900 -99.0000 1 26.9799 -99.0000 1
280.0000 160.0000 11.7064 1.8906 7 35.4887 -99.0000 1 27.0250 -99.0000 1
280.0000 180.0000 11.4061 1.7095 7 35.4616 -99.0000 1 27.0683 -99.0000 1
280.0000 200.0000 11.0236 1.6389 7 35.4142 -99.0000 1 27.1128 -99.0000 1
280.0000 220.0000 10.5511 1.6466 7 35.3516 -99.0000 1 27.1483 -99.0000 1
280.0000 240.0000 10.1583 1.9078 7 35.2883 -99.0000 1 27.1900 -99.0000 1
280.0000 260.0000 9.5399 1.8115 7 35.2133 -99.0000 1 27.2249 -99.0000 1
280.0000 280.0000 9.1369 1.8278 7 35.1612 -99.0000 1 27.2625 -99.0000 1
280.0000 300.0000 8.7029 1.7076 7 35.1380 -99.0000 1 27.3109 -99.0000 1
280.0000 320.0000 8.5442 1.7941 7 35.0871 -99.0000 1 27.3500 -99.0000 1
280.0000 340.0000 7.9598 1.4324 7 35.0642 -99.0000 1 27.3899 -99.0000 1
280.0000 360.0000 7.5041 1.3341 7 35.0611 -99.0000 1 27.4233 -99.0000 1
280.0000 380.0000 7.0862 1.2683 6 35.0459 -99.0000 1 27.4540 -99.0000 1
280.0000 400.0000 7.1365 1.3744 7 35.0299 -99.0000 1 27.4816 -99.0000 1
280.0000 420.0000 6.5441 1.2106 6 35.0228 -99.0000 1 27.5100 -99.0000 1
280.0000 440.0000 6.2351 1.1248 6 35.0133 -99.0000 1 27.5266 -99.0000 1
280.0000 500.0000 5.7644 0.9254 6 35.0135 -99.0000 1 27.5878 -99.0000 1
280.0000 600.0000 5.2685 0.8044 7 34.9957 -99.0000 1 27.6642 -99.0000 1
280.0000 700.0000 4.7986 0.5368 7 35.0174 -99.0000 1 27.7025 -99.0000 1
280.0000 800.0000 4.4657 0.3871 6 35.0133 -99.0000 1 27.7266 -99.0000 1
280.0000 900.0000 4.5199 0.1131 2 35.0000 -99.0000 1 27.7391 -99.0000 1
280.0000 1000.0000 4.2799 -99.0000 1 34.9900 -99.0000 1 27.7474 -99.0000 1
280.0000 1800.0000 3.5999 -99.0000 1 -99.0000 -99.0000 0 -99.0000 -99.0000 0
