0.0000 0.0000 2.8245 1.3187 22 31.1783 0.3973 3 25.0600 0.0565 2
0.0000 10.0000 2.5766 1.1352 22 31.3700 -99.0000 1 25.0200 -99.0000 1
0.0000 20.0000 2.0956 1.1017 21 31.2699 0.2686 2 25.0900 -99.0000 1
0.0000 30.0000 1.6739 0.9455 21 31.4799 -99.0000 1 25.1399 -99.0000 1
0.0000 40.0000 1.4836 1.1402 21 31.9300 -99.0000 1 -99.0000 -99.0000 0
0.0000 50.0000 1.3294 0.9912 21 31.7000 -99.0000 1 25.3299 -99.0000 1
0.0000 60.0000 1.5543 0.9604 22 -99.0000 -99.0000 0 -99.0000 -99.0000 0
0.0000 70.0000 1.6295 0.9683 20 32.6399 -99.0000 1 25.9599 -99.0000 1
0.0000 80.0000 2.1944 1.2640 22 -99.0000 -99.0000 0 -99.0000 -99.0000 0
0.0000 90.0000 2.4722 1.5951 20 -99.0000 -99.0000 0 -99.0000 -99.0000 0
0.0000 100.0000 3.5702 1.8656 22 33.1699 -99.0000 1 26.2700 -99.0000 1
0.0000 120.0000 4.9184 2.0601 20 -99.0000 -99.0000 0 -99.0000 -99.0000 0
0.0000 140.0000 6.6075 2.3026 19 32.0200 -99.0000 1 25.6100 -99.0000 1
0.0000 160.0000 7.8609 1.9555 16 33.8600 -99.0000 1 26.4899 -99.0000 1
0.0000 180.0000 8.4436 1.2619 15 -99.0000 -99.0000 0 -99.0000 -99.0000 0
0.0000 200.0000 8.2227 1.2134 3 -99.0000 -99.0000 0 -99.0000 -99.0000 0
0.0000 220.0000 8.0833 -99.0000 1 -99.0000 -99.0000 0 -99.0000 -99.0000 0
0.0000 240.0000 8.2237 -99.0000 1 -99.0000 -99.0000 0 -99.0000 -99.0000 0
0.0000 260.0000 8.2875 -99.0000 1 -99.0000 -99.0000 0 -99.0000 -99.0000 0
85.0000 0.0000 3.5914 2.0406 21 31.5500 0.0565 2 25.1600 0.0565 2
85.0000 10.0000 3.1020 1.2322 21 31.4963 0.0912 3 25.1509 0.0708 3
85.0000 20.0000 2.7212 1.1336 21 31.5000 0.0953 3 25.1599 0.0793 3
85.0000 30.0000 2.2462 1.0976 21 31.5076 0.0928 3 25.1576 0.0725 3
85.0000 40.0000 2.0937 1.1781 21 31.5730 -99.0000 1 25.2480 -99.0000 1
85.0000 50.0000 1.9782 1.1820 21 31.8826 0.2536 3 25.4673 0.1286 3
85.0000 60.0000 2.3775 1.1559 21 31.8900 -99.0000 1 25.5170 -99.0000 1
85.0000 70.0000 2.8485 1.2721 21 32.1243 0.2041 3 25.6560 0.0987 3
85.0000 80.0000 3.5443 1.6169 21 32.1610 -99.0000 1 25.7020 -99.0000 1
85.0000 90.0000 4.0380 1.8840 19 32.3240 -99.0000 1 25.8159 -99.0000 1
85.0000 100.0000 5.1293 2.1114 21 32.6904 0.4727 3 26.0093 0.2400 3
85.0000 120.0000 6.7339 2.0924 21 33.1065 -99.0000 1 26.2855 -99.0000 1
85.0000 140.0000 7.8988 1.4862 21 33.8711 0.6242 3 26.5685 0.2527 3
85.0000 160.0000 8.6515 1.1648 21 33.6474 -99.0000 1 26.5510 -99.0000 1
85.0000 180.0000 8.9756 1.0035 21 34.1997 0.3539 2 26.7312 0.0689 2
85.0000 200.0000 9.1590 0.9277 20 34.5812 0.5639 2 26.9177 0.2153 2
85.0000 220.0000 9.1871 1.0447 18 34.6755 0.4164 2 26.9680 0.1725 2
85.0000 240.0000 9.6236 1.5565 13 34.3281 -99.0000 1 26.8637 -99.0000 1
85.0000 260.0000 11.1512 3.0993 4 -99.0000 -99.0000 0 -99.0000 -99.0000 0
85.0000 280.0000 12.8421 -99.0000 1 -99.0000 -99.0000 0 -99.0000 -99.0000 0
130.0000 0.0000 3.3304 1.6464 12 31.6599 0.4525 2 25.2100 0.2828 2
130.0000 10.0000 3.3334 1.4823 12 -99.0000 -99.0000 0 -99.0000 -99.0000 0
130.0000 20.0000 3.0141 1.4018 12 -99.0000 -99.0000 0 -99.0000 -99.0000 0
130.0000 30.0000 2.7939 1.3890 12 -99.0000 -99.0000 0 -99.0000 -99.0000 0
130.0000 40.0000 2.6252 1.5672 10 -99.0000 -99.0000 0 -99.0000 -99.0000 0
130.0000 50.0000 2.6952 1.2280 13 32.3683 -99.0000 1 25.8600 -99.0000 1
130.0000 60.0000 3.0158 1.1943 13 32.6437 -99.0000 1 26.0366 -99.0000 1
130.0000 70.0000 3.7767 1.4862 13 33.2241 -99.0000 1 26.3045 -99.0000 1
130.0000 80.0000 4.6642 1.7664 13 33.7025 -99.0000 1 26.4925 -99.0000 1
130.0000 90.0000 4.8877 2.2617 10 -99.0000 -99.0000 0 -99.0000 -99.0000 0
130.0000 100.0000 6.0959 2.2490 12 -99.0000 -99.0000 0 -99.0000 -99.0000 0
130.0000 120.0000 7.5983 2.0654 12 -99.0000 -99.0000 0 -99.0000 -99.0000 0
130.0000 140.0000 8.7907 1.5824 11 -99.0000 -99.0000 0 -99.0000 -99.0000 0
130.0000 160.0000 8.9883 0.9928 12 34.4099 -99.0000 1 26.7800 -99.0000 1
130.0000 180.0000 9.0618 0.8141 9 -99.0000 -99.0000 0 -99.0000 -99.0000 0
130.0000 200.0000 9.3223 0.6205 6 -99.0000 -99.0000 0 -99.0000 -99.0000 0
130.0000 220.0000 9.5524 0.1350 3 -99.0000 -99.0000 0 -99.0000 -99.0000 0
130.0000 240.0000 9.5066 0.1508 2 -99.0000 -99.0000 0 -99.0000 -99.0000 0
130.0000 260.0000 9.3999 -99.0000 1 -99.0000 -99.0000 0 -99.0000 -99.0000 0
130.0000 280.0000 9.3999 -99.0000 1 -99.0000 -99.0000 0 -99.0000 -99.0000 0
130.0000 300.0000 9.3000 -99.0000 1 -99.0000 -99.0000 0 -99.0000 -99.0000 0
170.0000 0.0000 3.3478 1.8739 8 31.9048 0.4574 5 25.4431 0.3136 5
170.0000 10.0000 3.3568 1.6325 6 32.0865 0.5706 2 25.5814 0.4504 2
170.0000 20.0000 3.1250 1.2740 7 32.1270 0.5727 2 25.6195 0.4419 2
170.0000 30.0000 2.3955 1.4608 6 32.2844 0.6371 2 25.7361 0.4626 2
170.0000 40.0000 2.9466 0.5791 6 32.4709 0.6887 2 25.8510 0.4992 2
170.0000 50.0000 2.8820 1.3007 7 32.8834 0.9637 2 26.0747 0.6332 2
170.0000 60.0000 3.9030 1.5416 7 33.3547 1.1494 2 26.2849 0.6576 2
170.0000 70.0000 4.5045 2.2409 7 33.7495 1.0811 2 26.4520 0.5769 2
170.0000 80.0000 6.2024 2.2098 5 34.1314 0.9948 2 26.5917 0.4960 2
170.0000 90.0000 6.3695 2.0933 6 34.3616 0.8885 2 26.7116 0.4784 2
170.0000 100.0000 7.6761 1.6875 5 34.7147 0.6211 2 26.8534 0.3754 2
170.0000 120.0000 8.8673 1.1090 7 35.1039 0.2559 2 27.0160 0.2899 2
170.0000 140.0000 8.8907 1.1966 6 34.8601 0.6594 4 26.9553 0.3474 4
170.0000 160.0000 9.1963 1.0364 4 35.1174 0.2240 3 27.0985 0.2047 3
170.0000 180.0000 9.9394 -99.0000 1 35.1439 -99.0000 1 27.0749 -99.0000 1
170.0000 200.0000 9.4960 0.1640 2 35.1402 0.0427 2 27.1449 0.0070 2
170.0000 220.0000 9.1994 -99.0000 1 35.1689 -99.0000 1 27.2180 -99.0000 1
170.0000 240.0000 8.6600 -99.0000 1 35.1440 -99.0000 1 27.2839 -99.0000 1
170.0000 260.0000 8.0500 -99.0000 1 35.1290 -99.0000 1 27.3680 -99.0000 1
170.0000 280.0000 7.4789 -99.0000 1 35.1049 -99.0000 1 27.4320 -99.0000 1
170.0000 300.0000 7.2300 -99.0000 1 35.0909 -99.0000 1 27.4579 -99.0000 1
170.0000 320.0000 6.9329 -99.0000 1 35.0770 -99.0000 1 27.4869 -99.0000 1
170.0000 340.0000 6.7420 -99.0000 1 35.0690 -99.0000 1 27.5110 -99.0000 1
170.0000 360.0000 6.5680 -99.0000 1 35.0650 -99.0000 1 27.5310 -99.0000 1
170.0000 380.0000 6.4400 -99.0000 1 35.0550 -99.0000 1 27.5390 -99.0000 1
170.0000 400.0000 6.1380 -99.0000 1 35.0399 -99.0000 1 27.5649 -99.0000 1
170.0000 420.0000 5.9919 -99.0000 1 35.0380 -99.0000 1 27.5840 -99.0000 1
170.0000 440.0000 5.8099 -99.0000 1 35.0239 -99.0000 1 27.5960 -99.0000 1
170.0000 500.0000 5.6788 -99.0000 1 35.0155 -99.0000 1 27.6055 -99.0000 1
280.0000 0.0000 5.3220 3.0142 10 32.7101 1.3572 4 25.6933 0.5621 4
280.0000 10.0000 5.6960 2.8944 8 33.3673 1.6536 2 25.9081 0.6365 2
280.0000 20.0000 5.7970 3.0455 8 33.6283 1.4175 2 26.0702 0.4415 2
280.0000 30.0000 6.0492 3.8159 8 33.8806 1.5565 2 26.1673 0.4106 2
280.0000 40.0000 6.4997 4.1054 8 34.1011 1.5884 2 26.2962 0.3779 2
280.0000 50.0000 7.1441 4.0250 8 34.1849 1.4551 2 26.4324 0.3584 2
280.0000 60.0000 8.2013 3.6187 8 34.3852 1.3678 2 26.5444 0.2580 2
280.0000 70.0000 9.2713 3.0200 8 34.7467 1.0264 2 26.6827 0.1098 2
280.0000 80.0000 9.7865 2.8319 8 34.9324 0.9453 2 26.7603 0.0415 2
280.0000 90.0000 10.1650 2.4841 8 34.9954 0.9127 2 26.7936 0.0136 2
280.0000 100.0000 10.7742 2.0136 8 35.1064 0.9149 2 26.8400 0.0338 2
280.0000 120.0000 11.0157 1.5780 6 34.5140 -99.0000 1 26.9539 -99.0000 1
280.0000 140.0000 10.9967 1.5984 6 34.5695 -99.0000 1 26.9904 -99.0000 1
280.0000 160.0000 10.6864 1.6774 6 34.6165 -99.0000 1 27.0399 -99.0000 1
280.0000 180.0000 10.5542 1.7909 6 34.5641 -99.0000 1 27.1000 -99.0000 1
280.0000 200.0000 10.1311 2.1949 6 -99.0000 -99.0000 0 -99.0000 -99.0000 0
280.0000 220.0000 9.7049 2.4316 6 -99.0000 -99.0000 0 -99.0000 -99.0000 0
280.0000 240.0000 9.3082 2.4311 6 -99.0000 -99.0000 0 -99.0000 -99.0000 0
280.0000 260.0000 8.7934 2.4440 6 -99.0000 -99.0000 0 -99.0000 -99.0000 0
280.0000 280.0000 8.3146 2.4015 6 -99.0000 -99.0000 0 -99.0000 -99.0000 0
280.0000 300.0000 7.9895 2.3037 6 -99.0000 -99.0000 0 -99.0000 -99.0000 0
280.0000 320.0000 7.6990 2.3694 5 -99.0000 -99.0000 0 -99.0000 -99.0000 0
280.0000 340.0000 7.5050 2.2098 4 -99.0000 -99.0000 0 -99.0000 -99.0000 0
280.0000 360.0000 7.2385 1.9928 4 -99.0000 -99.0000 0 -99.0000 -99.0000 0
280.0000 380.0000 6.9109 1.7337 4 -99.0000 -99.0000 0 -99.0000 -99.0000 0
280.0000 400.0000 6.6321 1.5485 4 -99.0000 -99.0000 0 -99.0000 -99.0000 0
280.0000 420.0000 6.3562 1.3804 4 -99.0000 -99.0000 0 -99.0000 -99.0000 0
280.0000 440.0000 6.0716 1.2627 4 -99.0000 -99.0000 0 -99.0000 -99.0000 0
280.0000 500.0000 5.5103 0.8308 4 -99.0000 -99.0000 0 -99.0000 -99.0000 0
280.0000 600.0000 5.0782 0.4887 4 -99.0000 -99.0000 0 -99.0000 -99.0000 0
280.0000 700.0000 4.7370 0.3969 4 -99.0000 -99.0000 0 -99.0000 -99.0000 0
280.0000 800.0000 4.4993 0.3420 4 -99.0000 -99.0000 0 -99.0000 -99.0000 0
