0.0000 0.0000 11.5489 1.6147 12 29.7667 0.5666 11 22.6119 0.6492 11
0.0000 10.0000 11.4081 1.6740 11 29.8785 0.5794 10 22.7234 0.6804 10
0.0000 20.0000 11.0905 1.7763 10 29.9926 0.5745 10 22.8509 0.6883 10
0.0000 30.0000 10.4778 1.9358 11 30.2208 0.6349 11 23.1280 0.7445 11
0.0000 40.0000 8.8971 2.2064 12 30.7296 0.7248 11 23.8047 0.8340 11
0.0000 50.0000 6.7671 1.9589 12 31.1873 0.6775 11 24.4320 0.7771 11
0.0000 60.0000 5.0939 1.9104 12 31.5651 0.6607 11 24.9130 0.7400 11
0.0000 70.0000 3.9863 1.7014 11 31.8795 0.6228 10 25.2824 0.6680 10
0.0000 80.0000 3.4180 1.5114 10 32.0456 0.5860 9 25.4715 0.6031 9
0.0000 90.0000 2.7705 0.9627 11 32.2366 0.5259 10 25.6889 0.4964 10
0.0000 100.0000 2.0962 0.7179 3 32.6060 0.2726 3 26.0491 0.2654 3
0.0000 120.0000 2.2296 0.1035 3 -99.0000 -99.0000 0 -99.0000 -99.0000 0
30.0000 0.0000 11.8143 1.6486 9 29.8209 0.6518 9 22.5921 0.7131 9
30.0000 10.0000 11.4446 1.7115 9 29.9961 0.7151 9 22.7934 0.7916 9
30.0000 20.0000 11.0752 1.7282 8 30.1112 0.7744 8 22.9474 0.8307 8
30.0000 30.0000 10.9201 1.4979 11 30.2867 0.7045 11 23.1111 0.7454 11
30.0000 40.0000 8.8073 2.0032 11 30.7824 0.6757 11 23.8227 0.8014 11
30.0000 50.0000 5.6409 1.9609 11 31.4849 0.4218 11 24.7934 0.5215 11
30.0000 60.0000 3.2677 1.1091 10 31.9357 0.2645 10 25.4079 0.2986 10
30.0000 70.0000 2.2011 0.5780 11 32.2634 0.1484 11 25.7634 0.1524 11
30.0000 80.0000 1.9163 0.6531 8 32.4517 0.1044 8 25.9341 0.1273 8
30.0000 90.0000 1.7422 0.5781 8 32.5468 0.0757 8 26.0233 0.0986 8
30.0000 100.0000 1.8428 0.5701 11 32.7792 0.1273 11 26.2021 0.1033 11
30.0000 120.0000 2.2179 0.7422 10 33.0683 0.1962 10 26.4052 0.1319 10
30.0000 140.0000 2.2664 0.8108 8 33.1926 0.2118 7 26.5003 0.1135 7
30.0000 160.0000 2.9612 0.7618 2 -99.0000 -99.0000 0 -99.0000 -99.0000 0
60.0000 0.0000 12.4080 1.9926 11 29.9302 0.6473 9 22.5514 0.5956 9
60.0000 10.0000 12.2384 1.9072 11 30.1441 0.6842 10 22.8223 0.7012 10
60.0000 20.0000 11.8807 1.6590 11 30.2887 0.5362 10 22.9507 0.5860 10
60.0000 30.0000 8.6185 2.6821 12 31.0000 0.5840 11 24.0325 0.8355 11
60.0000 40.0000 5.0784 1.9325 12 31.6013 0.3883 10 24.9301 0.5054 10
60.0000 50.0000 3.2975 1.7529 12 31.9832 0.2865 11 25.4259 0.3731 11
60.0000 60.0000 2.3783 1.0058 12 32.2307 0.1767 10 25.7077 0.2046 10
60.0000 70.0000 1.9063 0.6896 11 32.4546 0.0896 10 25.9359 0.1084 10
60.0000 80.0000 1.8595 0.6092 12 32.5412 0.0869 11 26.0097 0.1064 11
60.0000 90.0000 1.7800 0.5103 11 32.6372 0.0871 9 26.0906 0.0984 9
60.0000 100.0000 1.9857 0.5157 11 32.7860 0.1103 10 26.1950 0.1058 10
60.0000 120.0000 2.2964 0.5755 10 33.0093 0.1388 9 26.3525 0.1003 9
60.0000 140.0000 2.4663 0.6728 9 33.1524 0.1953 8 26.4499 0.1247 8
60.0000 160.0000 2.8487 -99.0000 1 -99.0000 -99.0000 0 -99.0000 -99.0000 0
100.0000 0.0000 12.4124 1.7295 14 30.1343 0.5084 9 22.7372 0.5753 9
100.0000 10.0000 12.2679 1.6116 13 30.2821 0.5380 11 22.8716 0.6515 11
100.0000 20.0000 12.1268 1.4176 13 30.3690 0.4538 11 22.9751 0.5348 11
100.0000 30.0000 9.6694 2.6346 15 30.8980 0.5035 13 23.7921 0.7099 13
100.0000 40.0000 5.6899 2.6932 14 31.5400 0.5109 12 24.8294 0.7583 12
100.0000 50.0000 2.9333 1.3237 15 31.9630 0.3180 13 25.4463 0.3375 13
100.0000 60.0000 2.0336 0.7880 14 32.2808 0.1590 12 25.7779 0.1633 12
100.0000 70.0000 1.7343 0.6677 12 32.4306 0.1108 10 25.9214 0.1089 10
100.0000 80.0000 1.7386 0.6558 13 32.4397 0.1432 11 25.9275 0.1400 11
100.0000 90.0000 1.6574 0.5890 9 32.5302 0.1066 8 26.0105 0.0991 8
100.0000 100.0000 1.9769 0.6990 12 32.4034 0.3231 11 25.8862 0.2875 11
100.0000 120.0000 1.6312 0.3800 2 -99.0000 -99.0000 0 -99.0000 -99.0000 0
140.0000 0.0000 13.2291 2.3330 10 30.3812 0.4470 8 22.7656 0.6087 8
140.0000 10.0000 13.2646 2.1751 11 30.4764 0.4144 10 22.8999 0.6353 10
140.0000 20.0000 12.8911 2.0961 10 30.5474 0.4411 9 22.9565 0.6626 9
140.0000 30.0000 10.5642 1.9036 12 30.9857 0.3957 11 23.6071 0.5902 11
140.0000 40.0000 5.3005 1.8270 12 31.6416 0.4813 11 24.9677 0.5366 11
140.0000 50.0000 3.2785 1.4457 12 32.1286 0.3603 11 25.5489 0.4405 11
140.0000 60.0000 2.2124 0.9162 10 32.3961 0.1794 7 25.8413 0.2015 7
140.0000 70.0000 1.8932 0.6398 9 32.5136 0.1396 8 25.9756 0.1150 8
140.0000 80.0000 1.9025 0.6259 8 32.5976 0.1228 7 26.0411 0.1072 7
140.0000 90.0000 1.9665 0.6897 10 32.4834 0.4484 9 25.9461 0.3885 9
140.0000 100.0000 1.9640 0.6263 11 32.6093 0.1362 10 26.0628 0.0975 10
140.0000 120.0000 1.9735 0.7628 10 32.6503 0.1421 8 26.0938 0.1031 8
140.0000 140.0000 2.1688 0.9293 9 32.5598 0.4556 8 25.9957 0.3996 8
140.0000 160.0000 2.5022 1.7317 9 32.7699 0.1127 7 26.1746 0.0948 7
140.0000 180.0000 2.2089 0.3538 7 32.8288 0.1278 7 26.2159 0.1039 7
140.0000 200.0000 2.3843 0.6401 6 32.8937 0.1448 5 26.2712 0.1075 5
140.0000 220.0000 1.9027 0.6750 7 32.8721 0.1426 7 26.2720 0.0905 7
140.0000 240.0000 2.0317 0.7607 6 32.9581 0.1111 5 26.3136 0.0806 5
140.0000 260.0000 1.8425 1.2652 4 32.8649 0.0636 2 26.2899 0.0282 2
180.0000 0.0000 13.3818 2.3434 11 30.8035 0.4833 11 23.0501 0.7576 11
180.0000 10.0000 13.0391 2.2337 10 30.8989 0.4932 10 23.1890 0.7357 10
180.0000 20.0000 12.8923 1.8937 12 30.9752 0.4430 10 23.3045 0.6486 10
180.0000 30.0000 10.4229 2.4922 12 31.1746 0.4884 10 23.8305 0.7044 10
180.0000 40.0000 5.6923 1.9563 12 31.8497 0.3363 8 25.0037 0.4759 8
180.0000 50.0000 3.6424 1.0822 11 32.2504 0.2122 9 25.6366 0.2301 9
180.0000 60.0000 3.4796 0.9721 12 32.3007 0.1782 11 25.6944 0.1849 11
180.0000 70.0000 3.4312 0.8588 4 32.3225 0.0459 2 25.7324 0.1025 2
230.0000 0.0000 13.4967 1.9267 18 31.2795 0.5989 15 23.4840 0.7574 15
230.0000 10.0000 13.5393 2.1017 15 31.2042 0.5855 12 23.3975 0.7483 12
230.0000 20.0000 13.0734 2.2503 16 31.5125 0.5329 11 23.7317 0.7376 11
230.0000 30.0000 11.1967 2.9329 17 31.7231 0.5718 13 24.1339 0.7796 13
230.0000 40.0000 7.0343 3.0110 15 32.3253 0.5979 10 25.1371 0.4539 10
230.0000 50.0000 5.0603 2.2924 15 32.4491 0.5906 11 25.5165 0.5156 11
230.0000 60.0000 4.0919 2.5932 13 32.9101 0.4980 9 26.0539 0.3323 9
230.0000 70.0000 3.7725 2.7836 14 33.0217 0.5967 10 26.1924 0.3026 10
230.0000 80.0000 3.3651 3.1883 14 33.1781 0.7115 9 26.3193 0.3354 9
230.0000 90.0000 3.3725 3.3674 14 33.3125 0.6365 10 26.4366 0.2277 10
230.0000 100.0000 4.5179 3.0708 15 33.4156 0.7182 12 26.4531 0.3815 12
230.0000 120.0000 5.2599 2.6681 14 33.9913 0.6585 9 26.7428 0.1356 9
230.0000 140.0000 5.8100 2.8452 15 34.0871 0.5881 11 26.8278 0.1085 11
230.0000 160.0000 6.8394 2.0023 15 34.3874 0.4213 10 26.9506 0.0837 10
230.0000 180.0000 7.6853 1.3355 13 34.5994 0.2971 9 27.0428 0.0693 9
230.0000 200.0000 7.6673 1.2101 16 34.6686 0.2909 10 27.0968 0.0840 10
230.0000 220.0000 7.5056 0.9428 15 34.8106 0.1739 10 27.1893 0.0949 10
230.0000 240.0000 7.4870 0.9748 15 34.8395 0.1796 11 27.2182 0.0635 11
230.0000 260.0000 7.2904 0.7654 13 34.8530 0.0884 9 27.2665 0.0649 9
230.0000 280.0000 6.8819 0.6954 12 34.8643 0.0962 9 27.3290 0.0410 9
230.0000 300.0000 6.7631 0.6386 13 34.8489 0.1147 9 27.3591 0.0471 9
230.0000 320.0000 6.5384 0.6145 11 34.8828 0.0929 8 27.4086 0.0227 8
230.0000 340.0000 6.2432 0.4922 10 34.8834 0.0773 8 27.4396 0.0246 8
230.0000 360.0000 6.1836 0.4883 12 34.8898 0.0622 8 27.4658 0.0278 8
230.0000 380.0000 5.7998 0.3380 11 34.8861 0.0444 9 27.4937 0.0298 9
230.0000 400.0000 5.7710 0.3986 12 34.8913 0.0310 8 27.5131 0.0339 8
230.0000 420.0000 5.6703 0.4452 11 34.9009 0.0350 8 27.5345 0.0366 8
230.0000 440.0000 5.5563 0.4138 11 34.9140 0.0481 8 27.5563 0.0384 8
230.0000 500.0000 5.2116 0.3473 13 34.9168 0.0321 8 27.5975 0.0348 8
230.0000 600.0000 4.8366 0.3045 12 34.9228 0.0236 8 27.6436 0.0303 8
230.0000 700.0000 4.5456 0.1549 11 34.9237 0.0292 8 27.6691 0.0233 8
230.0000 800.0000 4.4334 0.1565 8 34.9268 0.0284 5 27.6890 0.0291 5
230.0000 900.0000 4.3593 0.1170 3 34.9628 -99.0000 1 27.7311 -99.0000 1
230.0000 1000.0000 4.0961 -99.0000 1 34.9534 -99.0000 1 27.7394 -99.0000 1
230.0000 1100.0000 3.9769 -99.0000 1 34.9482 -99.0000 1 27.7468 -99.0000 1
230.0000 1200.0000 3.8493 -99.0000 1 34.9366 -99.0000 1 27.7512 -99.0000 1
230.0000 1300.0000 3.7398 -99.0000 1 34.9287 -99.0000 1 27.7561 -99.0000 1
230.0000 1400.0000 3.6543 -99.0000 1 34.9199 -99.0000 1 27.7598 -99.0000 1
330.0000 0.0000 15.4137 1.5988 9 32.4231 0.8570 7 23.9106 0.5032 7
330.0000 10.0000 15.3737 1.5678 7 32.4880 0.6020 6 24.0197 0.3213 6
330.0000 20.0000 15.8676 1.7870 8 32.7894 0.6583 7 24.1318 0.3140 7
330.0000 30.0000 15.2722 2.3813 9 33.1916 0.7506 8 24.3784 0.3130 8
330.0000 40.0000 13.7589 3.4762 10 33.5112 1.0123 9 24.8944 0.5889 9
330.0000 50.0000 10.6614 3.5954 10 33.6187 0.9679 9 25.5994 0.4909 9
330.0000 60.0000 8.2233 3.5181 10 33.7014 0.9773 9 26.1257 0.2621 9
330.0000 70.0000 6.9096 3.5468 8 33.6540 0.8283 7 26.3182 0.1183 7
330.0000 80.0000 7.8330 3.3092 9 34.0690 0.8175 8 26.5214 0.1259 8
330.0000 90.0000 8.7923 3.1679 7 34.3634 0.8157 6 26.6037 0.1126 6
330.0000 100.0000 7.7784 3.0791 8 34.3123 0.6836 7 26.7460 0.1154 7
330.0000 120.0000 8.2140 1.8907 7 34.5073 0.3427 6 26.8694 0.0822 6
330.0000 140.0000 8.2783 1.4141 7 34.6986 0.2095 6 27.0219 0.1068 6
330.0000 160.0000 9.1539 1.5927 8 34.9391 0.2849 7 27.0336 0.0738 7
330.0000 180.0000 8.5458 1.1069 7 34.8995 0.1456 6 27.1231 0.0871 6
330.0000 200.0000 8.0741 1.0331 7 34.8579 0.1513 6 27.1730 0.0527 6
330.0000 220.0000 8.4228 0.8496 6 34.9680 0.1319 5 27.1905 0.0545 5
330.0000 240.0000 8.0067 0.5911 5 34.9610 0.0934 4 27.2553 0.0493 4
330.0000 260.0000 7.9024 0.7788 6 34.9855 0.0959 5 27.2819 0.0695 5
330.0000 280.0000 7.1904 1.0417 8 34.9327 0.1050 7 27.3460 0.0804 7
330.0000 300.0000 7.3002 1.0351 6 34.9363 0.1012 5 27.3462 0.0754 5
330.0000 320.0000 6.9737 0.8060 6 34.9345 0.0826 5 27.3925 0.0562 5
330.0000 340.0000 6.6595 0.5647 5 34.9433 0.0657 4 27.4347 0.0510 4
330.0000 360.0000 6.3790 0.4592 5 34.9336 0.0458 4 27.4623 0.0448 4
330.0000 380.0000 6.0299 0.4521 6 34.9273 0.0301 5 27.5026 0.0428 5
330.0000 400.0000 5.8129 0.4243 4 34.9219 0.0339 4 27.5139 0.0326 4
330.0000 420.0000 5.6747 0.3611 4 34.9254 0.0336 4 27.5340 0.0284 4
330.0000 440.0000 5.5551 0.3306 4 34.9274 0.0312 4 27.5509 0.0255 4
330.0000 500.0000 5.1906 0.3761 7 34.9334 0.0298 7 27.5991 0.0302 7
330.0000 600.0000 4.8773 0.1879 4 34.9498 0.0173 4 27.6502 0.0163 4
330.0000 700.0000 4.6074 0.1248 5 34.9510 0.0130 5 27.6808 0.0117 5
330.0000 800.0000 4.4307 0.1061 6 34.9535 0.0172 6 27.7018 0.0159 6
330.0000 900.0000 4.2812 0.1210 4 34.9436 0.0102 4 27.7114 0.0073 4
330.0000 1000.0000 4.1360 0.1169 6 34.9376 0.0121 6 27.7216 0.0050 6
330.0000 1100.0000 4.0808 0.1072 3 34.9379 0.0107 3 27.7285 0.0027 3
330.0000 1200.0000 4.0019 0.1203 3 34.9368 0.0133 3 27.7363 0.0023 3
330.0000 1300.0000 3.9186 0.1344 3 34.9355 0.0153 3 27.7435 0.0020 3
330.0000 1400.0000 3.8471 0.1077 4 34.9326 0.0150 4 27.7499 0.0020 4
330.0000 1500.0000 3.7318 0.1217 4 34.9276 0.0154 4 27.7567 0.0024 4
330.0000 1600.0000 3.6934 0.1272 3 34.9295 0.0171 3 27.7614 0.0012 3
330.0000 1700.0000 3.6181 0.1099 3 34.9279 0.0157 3 27.7683 0.0013 3
330.0000 1800.0000 3.5499 0.0910 3 34.9260 0.0143 3 27.7731 0.0030 3
330.0000 1900.0000 3.4832 0.0763 3 34.9246 0.0130 3 27.7793 0.0019 3
330.0000 2000.0000 3.4225 0.0503 3 34.9241 0.0122 3 27.7848 0.0041 3
330.0000 2100.0000 3.3653 0.0299 3 34.9234 0.0110 3 27.7888 0.0070 3
330.0000 2200.0000 3.2617 0.0746 4 34.9267 0.0047 4 27.8024 0.0125 4
330.0000 2300.0000 3.2318 0.0181 3 34.9251 0.0046 3 27.8036 0.0053 3
330.0000 2400.0000 3.1776 0.0222 3 34.9249 0.0043 3 27.8083 0.0059 3
330.0000 2500.0000 3.1206 0.0272 3 34.9245 0.0039 3 27.8139 0.0051 3
330.0000 2600.0000 3.0497 0.0245 2 34.9253 0.0002 2 27.8209 0.0024 2
330.0000 2700.0000 2.9885 0.0303 2 34.9231 0.0001 2 27.8249 0.0029 2
330.0000 2800.0000 2.8992 0.0518 3 34.9203 0.0008 3 27.8295 0.0029 3
330.0000 2900.0000 2.8479 0.0511 3 34.9152 0.0048 3 27.8321 0.0038 3
330.0000 3000.0000 2.7448 0.0376 2 34.9137 0.0017 2 27.8395 0.0019 2
