0.0000 0.0000 0.4068 1.1075 13 30.6551 0.4389 12 24.5729 0.3751 12
0.0000 10.0000 0.2640 1.0485 14 30.6451 0.4356 14 24.5735 0.3694 14
0.0000 20.0000 0.0013 0.9640 14 30.7727 0.4126 14 24.6888 0.3487 14
0.0000 30.0000 -0.2472 0.8562 14 30.9447 0.3591 14 24.8388 0.2993 14
0.0000 40.0000 -0.3192 0.8279 14 31.1231 0.3440 14 24.9858 0.2888 14
0.0000 50.0000 -0.3132 0.7535 14 31.3049 0.3364 14 25.1329 0.2766 14
0.0000 60.0000 -0.2512 0.7213 14 31.5312 0.3556 14 25.3134 0.2829 14
0.0000 70.0000 -0.1051 0.7498 14 31.7621 0.3322 14 25.4941 0.2614 14
0.0000 80.0000 0.0851 0.8335 12 31.9146 0.2966 12 25.6072 0.2276 12
0.0000 90.0000 0.1872 0.8314 12 32.0262 0.2628 12 25.6924 0.1989 12
0.0000 100.0000 -99.0000 -99.0000 4 -99.0000 -99.0000 4 -99.0000 -99.0000 4
0.0000 120.0000 -99.0000 -99.0000 1 -99.0000 -99.0000 1 -99.0000 -99.0000 1
30.0000 0.0000 0.7838 1.0051 13 30.9088 0.4123 8 24.7601 0.3674 8
30.0000 10.0000 0.6421 0.8925 13 30.9088 0.3874 12 24.7708 0.3259 12
30.0000 20.0000 0.2482 0.8980 14 31.1828 0.3332 13 25.0093 0.2852 13
30.0000 30.0000 0.2576 0.9414 14 31.3694 0.3476 13 25.1591 0.2929 13
30.0000 40.0000 0.1506 0.9326 14 31.5290 0.3310 13 25.2923 0.2827 13
30.0000 50.0000 -0.0214 0.8432 14 31.6700 0.3156 13 25.4144 0.2597 13
30.0000 60.0000 0.0350 0.8462 14 31.8411 0.3002 13 25.5490 0.2366 13
30.0000 70.0000 0.2295 0.8165 13 31.9792 0.2814 13 25.6533 0.2188 13
30.0000 80.0000 0.3557 0.7441 14 32.1330 0.2046 13 25.7688 0.1665 13
30.0000 90.0000 0.5324 0.7471 13 32.2629 0.1763 13 25.8675 0.1510 13
30.0000 100.0000 0.8518 0.7124 14 32.4785 0.1761 13 26.0250 0.1373 13
30.0000 120.0000 1.3596 0.7243 13 32.8237 0.1968 13 26.2692 0.1289 13
30.0000 140.0000 1.5598 0.6339 8 32.9225 0.2155 8 26.3363 0.1590 8
30.0000 160.0000 -99.0000 -99.0000 2 -99.0000 -99.0000 2 -99.0000 -99.0000 2
60.0000 0.0000 1.4183 0.9737 12 31.0198 0.2665 7 24.8185 0.2188 7
60.0000 10.0000 0.9844 1.1398 14 31.1458 0.2476 13 24.9387 0.2102 13
60.0000 20.0000 0.6375 1.0500 14 31.2524 0.2318 12 25.0405 0.1941 12
60.0000 30.0000 0.4988 1.0109 14 31.3991 0.2657 12 25.1693 0.2356 12
60.0000 40.0000 0.2858 0.9396 14 31.5585 0.3043 12 25.3105 0.2653 12
60.0000 50.0000 0.1496 0.9184 14 31.7175 0.2845 12 25.4442 0.2459 12
60.0000 60.0000 0.1077 0.9387 14 31.8801 0.2732 12 25.5737 0.2282 12
60.0000 70.0000 0.2938 0.8115 12 32.0292 0.2692 12 25.6908 0.2169 12
60.0000 80.0000 0.4679 0.8178 13 32.1817 0.2614 12 25.8007 0.2126 12
60.0000 90.0000 0.6947 0.7297 12 32.2788 0.2595 12 25.8717 0.2137 12
60.0000 100.0000 1.0460 0.6403 14 32.5040 0.2484 12 26.0308 0.2133 12
60.0000 120.0000 1.4837 0.6305 14 32.7625 0.2432 14 26.2132 0.1967 14
60.0000 140.0000 1.9078 0.7616 9 32.9799 0.1636 9 26.3564 0.1348 9
60.0000 160.0000 -99.0000 -99.0000 2 -99.0000 -99.0000 2 -99.0000 -99.0000 2
60.0000 180.0000 -99.0000 -99.0000 1 -99.0000 -99.0000 1 -99.0000 -99.0000 1
100.0000 0.0000 1.6139 0.7485 12 31.4588 0.2294 10 25.1530 0.1764 10
100.0000 10.0000 1.3744 0.9488 13 31.4779 0.2233 13 25.1872 0.1850 13
100.0000 20.0000 1.3570 0.8993 12 31.5216 0.2392 12 25.2239 0.1798 12
100.0000 30.0000 1.0657 0.8837 12 31.5964 0.2071 12 25.3005 0.1579 12
100.0000 40.0000 0.8912 0.8449 12 31.7272 0.1931 12 25.4170 0.1577 12
100.0000 50.0000 0.6526 0.8182 12 31.8557 0.1688 12 25.5330 0.1314 12
100.0000 60.0000 0.5880 0.7527 13 31.9781 0.1775 13 25.6348 0.1407 13
100.0000 70.0000 0.8125 0.4560 11 32.0940 0.2092 11 25.7188 0.1640 11
100.0000 80.0000 1.0210 0.4408 12 32.2191 0.2109 12 25.8066 0.1653 12
100.0000 90.0000 0.8852 0.7054 12 32.2684 0.2039 12 25.8529 0.1568 12
100.0000 100.0000 0.9949 0.6788 13 32.3141 0.2162 13 25.8830 0.1651 13
140.0000 0.0000 1.7290 0.8480 10 31.6371 0.2242 8 25.2933 0.1966 8
140.0000 10.0000 1.4400 0.8205 9 31.6107 0.2174 8 25.2961 0.2017 8
140.0000 20.0000 1.4240 1.0484 10 31.6873 0.2123 9 25.3540 0.2068 9
140.0000 30.0000 1.2265 0.9186 10 31.7574 0.2035 9 25.4257 0.2108 9
140.0000 40.0000 1.0124 0.7741 10 31.8878 0.1498 9 25.5449 0.1475 9
140.0000 50.0000 0.8961 0.6904 10 32.0365 0.1368 9 25.6717 0.1209 9
140.0000 60.0000 0.8607 0.6611 10 32.1495 0.1357 10 25.7590 0.1129 10
140.0000 70.0000 0.8272 0.6591 8 32.2511 0.1516 8 25.8429 0.1309 8
140.0000 80.0000 0.9491 0.6589 8 32.3301 0.1430 8 25.8988 0.1316 8
140.0000 90.0000 1.0162 0.6749 8 32.3709 0.1408 8 25.9279 0.1324 8
140.0000 100.0000 1.0688 0.6239 9 32.3946 0.1460 9 25.9444 0.1331 9
140.0000 120.0000 1.2497 0.6700 8 32.4694 0.1803 8 25.9925 0.1537 8
140.0000 140.0000 1.3928 0.6902 7 32.5701 0.1795 7 26.0643 0.1553 7
140.0000 160.0000 1.4910 0.6777 7 32.6430 0.1931 7 26.1161 0.1600 7
140.0000 180.0000 1.5280 0.7353 6 32.7089 0.2066 6 26.1665 0.1659 6
140.0000 200.0000 1.6211 0.7158 6 32.7530 0.2249 6 26.1957 0.1770 6
140.0000 220.0000 1.7879 0.7798 5 32.7692 0.2541 5 26.1969 0.1767 5
140.0000 240.0000 -99.0000 -99.0000 4 -99.0000 -99.0000 4 -99.0000 -99.0000 4
140.0000 260.0000 -99.0000 -99.0000 1 -99.0000 -99.0000 1 -99.0000 -99.0000 1
180.0000 0.0000 2.2263 0.6928 12 32.0582 0.2453 11 25.5958 0.2204 11
180.0000 10.0000 2.1562 1.1134 14 32.0276 0.2288 14 25.5715 0.2213 14
180.0000 20.0000 1.9969 1.0752 14 32.0559 0.2385 13 25.5972 0.2299 13
180.0000 30.0000 1.7124 0.8453 14 32.1198 0.2324 13 25.6724 0.2058 13
180.0000 40.0000 1.5055 0.8264 14 32.2147 0.1854 13 25.7643 0.1550 13
180.0000 50.0000 1.5155 0.9147 14 32.2565 0.1963 13 25.7976 0.1582 13
180.0000 60.0000 1.5328 0.8900 14 32.2664 0.2094 14 25.8129 0.1650 14
180.0000 70.0000 -99.0000 -99.0000 2 -99.0000 -99.0000 2 -99.0000 -99.0000 2
180.0000 80.0000 -99.0000 -99.0000 2 -99.0000 -99.0000 1 -99.0000 -99.0000 1
180.0000 90.0000 -99.0000 -99.0000 1 -99.0000 -99.0000 1 -99.0000 -99.0000 1
180.0000 100.0000 -99.0000 -99.0000 2 -99.0000 -99.0000 1 -99.0000 -99.0000 1
180.0000 120.0000 -99.0000 -99.0000 1 -99.0000 -99.0000 1 -99.0000 -99.0000 1
180.0000 140.0000 -99.0000 -99.0000 1 -99.0000 -99.0000 1 -99.0000 -99.0000 1
180.0000 160.0000 -99.0000 -99.0000 1 -99.0000 -99.0000 1 -99.0000 -99.0000 1
180.0000 260.0000 -99.0000 -99.0000 1 -99.0000 -99.0000 0 -99.0000 -99.0000 0
180.0000 500.0000 -99.0000 -99.0000 1 -99.0000 -99.0000 0 -99.0000 -99.0000 0
180.0000 600.0000 -99.0000 -99.0000 1 -99.0000 -99.0000 1 -99.0000 -99.0000 1
230.0000 0.0000 2.1695 0.8758 12 32.1778 0.1851 9 25.6958 0.1674 9
230.0000 10.0000 2.3239 1.0314 13 32.2128 0.3057 11 25.7136 0.2327 11
230.0000 20.0000 2.2805 1.0411 13 32.2653 0.3498 10 25.7444 0.2615 10
230.0000 30.0000 2.2431 1.2555 13 32.3545 0.3788 10 25.8286 0.2706 10
230.0000 40.0000 2.1721 1.4042 13 32.4878 0.3917 10 25.9394 0.2511 10
230.0000 50.0000 2.2910 1.7485 13 32.6536 0.5095 10 26.0586 0.2652 10
230.0000 60.0000 2.3571 2.0027 13 32.8134 0.5271 10 26.1725 0.2261 10
230.0000 70.0000 2.5258 2.3399 9 32.9885 0.6038 9 26.2812 0.2236 9
230.0000 80.0000 2.7942 2.4528 14 33.1604 0.6247 11 26.3865 0.2022 11
230.0000 90.0000 3.4883 2.7838 9 33.3573 0.6696 9 26.4833 0.2011 9
230.0000 100.0000 3.7335 2.6543 14 33.5703 0.6726 11 26.5967 0.2176 11
230.0000 120.0000 5.2522 3.1810 10 33.9316 0.6960 10 26.7389 0.1989 10
230.0000 140.0000 6.5257 2.8064 9 34.3005 0.5533 9 26.8880 0.1500 9
230.0000 160.0000 6.7802 3.5074 10 34.4237 0.7036 10 26.9268 0.2040 10
230.0000 180.0000 7.2564 3.2384 10 34.6258 0.5743 10 27.0312 0.1326 10
230.0000 200.0000 7.2096 2.8038 10 34.6809 0.5107 10 27.0950 0.1276 10
230.0000 220.0000 7.6412 1.8533 9 34.8374 0.3025 9 27.1813 0.1039 9
230.0000 240.0000 7.4220 1.6406 9 34.8556 0.2625 9 27.2312 0.1039 9
230.0000 260.0000 6.7065 1.3537 13 34.8587 0.2042 10 27.2884 0.0950 10
230.0000 280.0000 6.6801 1.0641 8 34.7971 0.1486 8 27.2972 0.0543 8
230.0000 300.0000 6.3241 0.8449 8 34.7959 0.1191 8 27.3458 0.0484 8
230.0000 320.0000 6.0514 0.6604 8 34.7950 0.0817 8 27.3817 0.0439 8
230.0000 340.0000 6.0328 0.7871 8 34.8313 0.1089 8 27.4124 0.0377 8
230.0000 360.0000 5.7180 0.6831 8 34.8132 0.0930 8 27.4382 0.0398 8
230.0000 380.0000 5.4662 0.6887 8 34.8194 0.0858 8 27.4740 0.0410 8
230.0000 400.0000 5.4172 0.6653 8 34.8474 0.0725 8 27.5025 0.0369 8
230.0000 420.0000 5.3446 0.6110 8 34.8606 0.0708 8 27.5220 0.0311 8
230.0000 440.0000 5.1797 0.5386 8 34.8606 0.0604 8 27.5424 0.0340 8
230.0000 500.0000 4.8610 0.3640 12 34.8690 0.0409 10 27.5860 0.0203 10
230.0000 600.0000 4.6807 0.2162 5 34.8900 0.0321 5 27.6242 0.0211 5
230.0000 700.0000 -99.0000 -99.0000 4 -99.0000 -99.0000 4 -99.0000 -99.0000 4
230.0000 800.0000 -99.0000 -99.0000 2 -99.0000 -99.0000 1 -99.0000 -99.0000 1
230.0000 900.0000 -99.0000 -99.0000 1 -99.0000 -99.0000 1 -99.0000 -99.0000 1
230.0000 1000.0000 -99.0000 -99.0000 1 -99.0000 -99.0000 0 -99.0000 -99.0000 0
230.0000 1500.0000 -99.0000 -99.0000 1 -99.0000 -99.0000 0 -99.0000 -99.0000 0
230.0000 2000.0000 -99.0000 -99.0000 1 -99.0000 -99.0000 0 -99.0000 -99.0000 0
230.0000 2900.0000 -99.0000 -99.0000 1 -99.0000 -99.0000 1 -99.0000 -99.0000 1
280.0000 0.0000 4.3656 2.0185 9 32.6932 0.3601 7 25.8921 0.1636 7
280.0000 10.0000 4.0038 1.7365 13 32.7368 0.4478 12 25.9786 0.2959 12
280.0000 20.0000 4.3829 1.9911 13 32.9562 0.5266 12 26.0823 0.2832 12
280.0000 30.0000 4.4509 2.2639 13 33.0726 0.5202 12 26.1501 0.2609 12
280.0000 40.0000 4.9465 2.5526 12 33.3155 0.4733 11 26.2757 0.1791 11
280.0000 50.0000 5.2290 2.7355 12 33.4250 0.6218 12 26.3457 0.2276 12
280.0000 60.0000 5.5871 2.9473 12 33.6529 0.6685 11 26.4424 0.2144 11
280.0000 70.0000 5.6279 3.1781 13 33.6177 0.7848 13 26.4601 0.2389 13
280.0000 80.0000 5.7222 3.3664 13 33.8635 0.7624 12 26.6086 0.2098 12
280.0000 90.0000 6.3631 2.7247 10 34.0316 0.5585 10 26.7299 0.1561 10
280.0000 100.0000 6.4916 3.5794 13 34.2315 0.7208 13 26.8045 0.1687 13
280.0000 120.0000 6.4936 2.8064 12 34.3858 0.5372 12 26.9501 0.1370 12
280.0000 140.0000 6.9154 2.4189 12 34.5829 0.4130 12 27.0649 0.0991 12
280.0000 160.0000 6.7229 2.4021 12 34.6410 0.3705 12 27.1428 0.0848 12
280.0000 180.0000 6.6341 2.2753 12 34.6986 0.3422 12 27.2019 0.0842 12
280.0000 200.0000 6.8823 1.8908 11 34.7898 0.2891 11 27.2475 0.0879 11
280.0000 220.0000 6.1148 2.1052 11 34.7266 0.3153 11 27.2939 0.0872 11
280.0000 240.0000 6.5119 1.5679 11 34.8537 0.2250 10 27.3400 0.0881 10
280.0000 260.0000 6.5126 1.4087 11 34.8674 0.1870 11 27.3662 0.0790 11
280.0000 280.0000 6.3659 1.9039 9 34.8580 0.2083 9 27.3693 0.1178 9
280.0000 300.0000 6.3031 1.6204 10 34.8831 0.1726 10 27.4012 0.1073 10
280.0000 320.0000 6.2712 1.3786 9 34.9137 0.1205 9 27.4325 0.1086 9
280.0000 340.0000 6.0486 1.1401 10 34.9035 0.0914 10 27.4633 0.0909 10
280.0000 360.0000 5.4517 1.6403 9 34.8242 0.2599 9 27.4670 0.1097 9
280.0000 380.0000 5.6904 1.0352 8 34.9109 0.0849 8 27.5151 0.0788 8
280.0000 400.0000 5.6230 0.9497 8 34.9218 0.0768 8 27.5331 0.0716 8
280.0000 420.0000 5.4371 0.9753 8 34.9188 0.0881 8 27.5541 0.0652 8
280.0000 440.0000 5.3017 0.7972 9 34.9108 0.0754 9 27.5650 0.0541 9
280.0000 500.0000 4.8824 0.7208 13 34.8881 0.1608 12 27.5922 0.0678 12
280.0000 600.0000 4.8132 0.3968 6 34.9165 0.1049 6 27.6294 0.0521 6
280.0000 700.0000 4.6190 0.2198 7 34.9292 0.0612 7 27.6627 0.0385 7
280.0000 800.0000 4.4630 0.1718 8 34.9511 0.0331 8 27.6961 0.0264 8
280.0000 900.0000 4.3427 0.1908 5 34.9587 0.0191 5 27.7168 0.0088 5
280.0000 1000.0000 4.1330 0.1432 9 34.9408 0.0196 7 27.7256 0.0074 7
280.0000 1100.0000 4.1088 0.1206 5 34.9464 0.0156 5 27.7314 0.0106 5
280.0000 1200.0000 -99.0000 -99.0000 4 -99.0000 -99.0000 4 -99.0000 -99.0000 4
280.0000 1300.0000 -99.0000 -99.0000 4 -99.0000 -99.0000 4 -99.0000 -99.0000 4
280.0000 1400.0000 -99.0000 -99.0000 4 -99.0000 -99.0000 4 -99.0000 -99.0000 4
280.0000 1500.0000 3.7451 0.1050 8 34.9299 0.0149 6 27.7581 0.0054 6
280.0000 1600.0000 -99.0000 -99.0000 4 -99.0000 -99.0000 4 -99.0000 -99.0000 4
280.0000 1700.0000 -99.0000 -99.0000 4 -99.0000 -99.0000 4 -99.0000 -99.0000 4
280.0000 1800.0000 -99.0000 -99.0000 4 -99.0000 -99.0000 4 -99.0000 -99.0000 4
280.0000 1900.0000 -99.0000 -99.0000 4 -99.0000 -99.0000 4 -99.0000 -99.0000 4
280.0000 2000.0000 3.4141 0.0717 8 34.9269 0.0113 6 27.7856 0.0076 6
280.0000 2100.0000 -99.0000 -99.0000 4 -99.0000 -99.0000 4 -99.0000 -99.0000 4
280.0000 2200.0000 -99.0000 -99.0000 4 -99.0000 -99.0000 4 -99.0000 -99.0000 4
280.0000 2300.0000 -99.0000 -99.0000 4 -99.0000 -99.0000 4 -99.0000 -99.0000 4
280.0000 2400.0000 -99.0000 -99.0000 4 -99.0000 -99.0000 4 -99.0000 -99.0000 4
280.0000 2500.0000 3.0456 0.1157 6 34.9261 0.0120 5 27.8236 0.0041 5
280.0000 2600.0000 -99.0000 -99.0000 4 -99.0000 -99.0000 4 -99.0000 -99.0000 4
280.0000 2700.0000 -99.0000 -99.0000 4 -99.0000 -99.0000 4 -99.0000 -99.0000 4
280.0000 2800.0000 -99.0000 -99.0000 4 -99.0000 -99.0000 4 -99.0000 -99.0000 4
280.0000 2900.0000 2.7674 0.1724 5 34.9171 0.0142 5 27.8404 0.0062 5
280.0000 3000.0000 -99.0000 -99.0000 3 -99.0000 -99.0000 3 -99.0000 -99.0000 3
350.0000 0.0000 5.0651 2.4770 10 33.1353 0.5428 7 26.1014 0.1567 7
350.0000 10.0000 5.2041 2.5824 9 33.1110 0.5276 8 26.0989 0.1214 8
350.0000 20.0000 5.0317 2.6213 10 33.2304 0.5429 8 26.1798 0.1574 8
350.0000 30.0000 5.1059 3.4128 9 33.3946 0.7699 7 26.2725 0.1266 7
350.0000 40.0000 5.3528 3.8912 10 33.5536 0.9180 8 26.3601 0.1503 8
350.0000 50.0000 5.6188 4.3638 9 33.7251 1.0404 7 26.4243 0.1864 7
350.0000 60.0000 5.9777 4.3643 9 33.7110 1.0626 8 26.4323 0.2301 8
350.0000 70.0000 6.5554 4.5098 9 33.9151 1.0591 8 26.5329 0.1816 8
350.0000 80.0000 6.9572 4.9764 9 34.2446 1.1089 7 26.6343 0.1548 7
350.0000 90.0000 6.7333 4.1311 8 34.0331 0.9013 7 26.6588 0.1387 7
350.0000 100.0000 7.4103 4.4350 10 34.4316 0.8985 8 26.7676 0.0846 8
350.0000 120.0000 7.4716 4.0134 8 34.4207 0.7470 7 26.8841 0.0907 7
350.0000 140.0000 7.7927 3.6000 9 34.6205 0.5880 8 27.0137 0.1345 8
350.0000 160.0000 8.3868 3.3557 8 34.8254 0.4506 7 27.1107 0.1687 7
350.0000 180.0000 7.6215 3.3414 9 34.7866 0.4452 8 27.1753 0.1575 8
350.0000 200.0000 7.4876 2.7890 8 34.8124 0.3478 7 27.2106 0.1489 7
350.0000 220.0000 7.3128 2.3029 8 34.8362 0.2855 7 27.2532 0.1370 7
350.0000 240.0000 7.1641 2.0759 8 34.8591 0.2529 7 27.2943 0.1263 7
350.0000 260.0000 6.8338 2.0318 8 34.8505 0.2241 7 27.3310 0.1162 7
350.0000 280.0000 6.8386 1.8654 7 34.8737 0.2052 6 27.3613 0.1235 6
350.0000 300.0000 6.3629 1.7761 8 34.8171 0.1835 7 27.3909 0.1039 7
350.0000 320.0000 6.5273 1.5156 7 34.8760 0.1188 6 27.4186 0.1090 6
350.0000 340.0000 6.1289 1.5378 8 34.8497 0.1535 7 27.4465 0.0920 7
350.0000 360.0000 6.3616 1.3831 7 34.9122 0.1076 6 27.4682 0.0929 6
350.0000 380.0000 6.0182 1.5122 7 34.8987 0.0893 6 27.5155 0.0908 6
350.0000 400.0000 6.0583 1.4686 6 34.9014 0.0891 5 27.5182 0.0814 5
350.0000 420.0000 5.8104 1.1986 6 34.8984 0.0727 5 27.5353 0.0720 5
350.0000 440.0000 5.6463 1.1193 6 34.9004 0.0688 5 27.5534 0.0664 5
350.0000 500.0000 5.2564 0.7592 8 34.9138 0.0435 6 27.6026 0.0411 6
350.0000 600.0000 4.9856 0.5511 6 34.9314 0.0497 5 27.6406 0.0150 5
350.0000 700.0000 4.7023 0.4845 6 34.9379 0.0418 5 27.6745 0.0100 5
350.0000 800.0000 4.5000 0.3730 7 34.9341 0.0358 6 27.6926 0.0118 6
350.0000 900.0000 -99.0000 -99.0000 4 -99.0000 -99.0000 4 -99.0000 -99.0000 4
350.0000 1000.0000 4.1424 0.1606 6 34.9373 0.0251 5 27.7205 0.0057 5
350.0000 1100.0000 -99.0000 -99.0000 3 -99.0000 -99.0000 3 -99.0000 -99.0000 3
350.0000 1200.0000 -99.0000 -99.0000 3 -99.0000 -99.0000 3 -99.0000 -99.0000 3
350.0000 1300.0000 -99.0000 -99.0000 3 -99.0000 -99.0000 3 -99.0000 -99.0000 3
350.0000 1400.0000 -99.0000 -99.0000 3 -99.0000 -99.0000 3 -99.0000 -99.0000 3
350.0000 1500.0000 -99.0000 -99.0000 4 -99.0000 -99.0000 3 -99.0000 -99.0000 3
350.0000 1600.0000 -99.0000 -99.0000 3 -99.0000 -99.0000 3 -99.0000 -99.0000 3
350.0000 1700.0000 -99.0000 -99.0000 3 -99.0000 -99.0000 3 -99.0000 -99.0000 3
350.0000 1800.0000 -99.0000 -99.0000 3 -99.0000 -99.0000 3 -99.0000 -99.0000 3
350.0000 1900.0000 -99.0000 -99.0000 3 -99.0000 -99.0000 3 -99.0000 -99.0000 3
350.0000 2000.0000 -99.0000 -99.0000 4 -99.0000 -99.0000 3 -99.0000 -99.0000 3
350.0000 2100.0000 -99.0000 -99.0000 3 -99.0000 -99.0000 3 -99.0000 -99.0000 3
350.0000 2200.0000 -99.0000 -99.0000 3 -99.0000 -99.0000 3 -99.0000 -99.0000 3
350.0000 2300.0000 -99.0000 -99.0000 3 -99.0000 -99.0000 3 -99.0000 -99.0000 3
350.0000 2400.0000 -99.0000 -99.0000 3 -99.0000 -99.0000 3 -99.0000 -99.0000 3
350.0000 2500.0000 -99.0000 -99.0000 4 -99.0000 -99.0000 3 -99.0000 -99.0000 3
350.0000 2600.0000 -99.0000 -99.0000 3 -99.0000 -99.0000 3 -99.0000 -99.0000 3
350.0000 2700.0000 -99.0000 -99.0000 3 -99.0000 -99.0000 3 -99.0000 -99.0000 3
350.0000 2800.0000 -99.0000 -99.0000 3 -99.0000 -99.0000 3 -99.0000 -99.0000 3
350.0000 2900.0000 -99.0000 -99.0000 3 -99.0000 -99.0000 3 -99.0000 -99.0000 3
350.0000 3000.0000 -99.0000 -99.0000 4 -99.0000 -99.0000 3 -99.0000 -99.0000 3
