0.0000 0.0000 14.7305 1.7840 13 32.3483 0.3298 13 23.9708 0.4168 13
0.0000 10.0000 14.5012 1.7509 13 32.3782 0.3202 13 24.0432 0.4075 13
0.0000 20.0000 12.9532 1.5757 13 32.5160 0.2865 13 24.4602 0.3505 13
0.0000 30.0000 10.7433 1.5077 13 32.7112 0.2333 13 25.0113 0.2884 13
0.0000 40.0000 9.5512 1.3034 13 32.8358 0.1848 13 25.3224 0.2020 13
0.0000 50.0000 8.8604 1.1547 13 32.9392 0.1647 13 25.5173 0.1429 13
0.0000 60.0000 8.5604 1.2599 13 32.9946 0.1726 13 25.6064 0.1857 13
0.0000 70.0000 8.4789 1.2788 13 33.0083 0.1726 13 25.6291 0.1965 13
0.0000 80.0000 8.3693 1.3007 11 33.0315 0.2146 11 25.6651 0.1942 11
0.0000 90.0000 8.4364 1.3579 6 33.1364 0.1539 6 25.7366 0.1438 6
0.0000 100.0000 8.4766 1.2839 3 33.2333 0.1855 3 25.8099 0.0754 3
10.0000 0.0000 14.6986 2.0019 15 32.3745 0.3937 14 23.9781 0.4689 14
10.0000 10.0000 14.6099 1.9143 14 32.3852 0.3321 14 24.0196 0.3527 14
10.0000 20.0000 13.0590 1.8468 14 32.5271 0.2614 14 24.4338 0.3155 14
10.0000 30.0000 11.2087 1.9891 15 32.7063 0.2111 14 24.9006 0.4115 14
10.0000 40.0000 9.5092 1.6778 15 32.8916 0.2388 14 25.3421 0.4156 14
10.0000 50.0000 8.6846 1.4383 15 33.0571 0.2053 14 25.6337 0.2837 14
10.0000 60.0000 8.2961 1.2038 15 33.1727 0.1671 14 25.8037 0.2015 14
10.0000 70.0000 8.1431 1.0987 14 33.2374 0.1818 14 25.8680 0.1937 14
10.0000 80.0000 8.0170 1.0661 15 33.3845 0.2288 14 25.9924 0.2227 14
10.0000 90.0000 8.0433 1.0522 11 33.4979 0.2485 11 26.0888 0.1493 11
10.0000 100.0000 8.3419 1.0866 10 33.7102 0.2400 8 26.2439 0.1538 8
20.0000 0.0000 13.5421 1.5736 8 32.1954 0.5092 6 24.1277 0.3823 6
20.0000 10.0000 13.5093 1.6560 7 32.2312 0.4497 6 24.1905 0.2793 6
20.0000 20.0000 13.2881 2.0288 7 32.3922 0.2911 6 24.3545 0.2286 6
20.0000 30.0000 12.4481 2.1376 8 32.5769 0.3099 6 24.6364 0.3995 6
20.0000 40.0000 11.2009 2.1620 7 32.7642 0.3071 6 25.0149 0.3829 6
20.0000 50.0000 9.7993 1.7976 8 32.9645 0.2996 6 25.3809 0.3661 6
20.0000 60.0000 9.3230 1.8847 8 33.0861 0.2481 6 25.6166 0.2590 6
20.0000 70.0000 8.4848 1.6164 7 33.2251 0.2525 6 25.8028 0.2417 6
20.0000 80.0000 8.2621 1.3767 7 33.3595 0.2261 6 25.9531 0.2122 6
20.0000 90.0000 8.1073 1.3584 7 33.4692 0.1857 6 26.0666 0.2102 6
20.0000 100.0000 8.4472 1.1947 7 33.7602 0.2585 6 26.2271 0.2568 6
20.0000 120.0000 9.0114 0.4807 7 34.2167 0.3802 6 26.4968 0.3073 6
20.0000 140.0000 8.9266 0.5257 7 34.5019 0.4168 6 26.7384 0.3474 6
20.0000 160.0000 8.5406 0.6814 8 34.7226 0.3891 6 26.9493 0.3419 6
20.0000 180.0000 8.1425 0.5579 8 34.9337 0.1886 6 27.1874 0.1540 6
20.0000 200.0000 7.7218 0.5722 6 35.0103 0.1351 6 27.3221 0.0817 6
20.0000 220.0000 7.8106 0.5398 3 35.0852 0.0863 3 27.3690 0.0400 3
30.0000 0.0000 14.6044 2.0532 5 32.0618 0.6198 5 23.7765 0.3893 5
30.0000 10.0000 14.3703 1.6907 5 32.1778 0.5594 5 23.9343 0.2788 5
30.0000 20.0000 13.6478 1.7336 5 32.4019 0.5415 5 24.2394 0.2957 5
30.0000 30.0000 12.5345 2.3702 5 32.7180 0.4881 5 24.6888 0.2139 5
30.0000 40.0000 11.2535 2.7900 5 32.8995 0.4099 5 25.0551 0.1863 5
30.0000 50.0000 10.0171 2.5252 5 32.9975 0.4768 5 25.3469 0.0594 5
30.0000 60.0000 8.8432 2.3647 5 33.1813 0.4402 5 25.6887 0.1014 5
30.0000 70.0000 8.4290 1.8964 5 33.3499 0.2886 5 25.8952 0.1269 5
30.0000 80.0000 8.9377 2.0786 5 33.7330 0.3502 5 26.1162 0.1792 5
30.0000 90.0000 9.2225 1.8891 5 33.9549 0.3200 5 26.2473 0.1965 5
30.0000 100.0000 9.8337 2.2069 5 34.3050 0.5068 5 26.4159 0.1906 5
30.0000 120.0000 9.7605 1.5784 5 34.5709 0.5320 5 26.6459 0.1978 5
30.0000 140.0000 9.2801 0.7121 5 34.7064 0.3440 5 26.8395 0.1842 5
30.0000 160.0000 8.9403 0.6872 5 34.9270 0.2193 5 27.0685 0.1702 5
30.0000 180.0000 8.1522 0.8736 5 35.0271 0.1098 5 27.2682 0.1289 5
30.0000 200.0000 7.5660 0.8111 5 35.0540 0.0587 5 27.3764 0.0902 5
30.0000 220.0000 7.4622 0.8455 5 35.0488 0.0588 5 27.3887 0.0938 5
30.0000 240.0000 8.4300 -99.0000 1 35.0999 -99.0000 1 27.2900 -99.0000 1
40.0000 0.0000 14.2273 1.9231 13 32.2333 0.5491 10 24.0498 0.2924 10
40.0000 10.0000 13.6693 1.5338 8 32.2605 0.5910 6 24.0866 0.3432 6
40.0000 20.0000 13.3582 2.1838 11 32.5008 0.4145 9 24.3295 0.2966 9
40.0000 30.0000 12.8466 2.4441 8 32.5552 0.4488 6 24.4437 0.2361 6
40.0000 40.0000 11.9015 2.7401 7 32.8630 0.5077 6 24.7759 0.3226 6
40.0000 50.0000 10.3946 2.5804 10 33.0935 0.4874 9 25.3540 0.3665 9
40.0000 60.0000 9.5037 2.3081 7 33.2729 0.3618 6 25.5797 0.3368 6
40.0000 70.0000 9.1264 1.8494 7 33.5345 0.2865 6 25.8744 0.2638 6
40.0000 80.0000 9.4927 1.8760 7 33.9193 0.4381 6 26.1298 0.2133 6
40.0000 90.0000 9.9172 2.0970 7 34.2042 0.5645 6 26.2920 0.1992 6
40.0000 100.0000 9.8512 2.1265 11 34.3699 0.5991 9 26.4413 0.1763 9
40.0000 120.0000 10.6440 2.1789 7 34.8017 0.6271 6 26.6631 0.1407 6
40.0000 140.0000 10.5896 1.6711 7 35.0037 0.4368 6 26.8349 0.1059 6
40.0000 160.0000 10.0944 1.1738 9 34.9898 0.3455 8 26.9217 0.1137 8
40.0000 180.0000 9.3144 0.7859 9 35.0851 0.2029 8 27.1155 0.0504 8
40.0000 200.0000 8.4740 1.0081 7 35.1095 0.1459 6 27.2696 0.1018 6
40.0000 220.0000 8.3847 0.9735 9 35.0922 0.1307 6 27.2969 0.0981 6
40.0000 240.0000 8.0819 1.1993 2 34.6840 0.4582 2 27.0112 0.5391 2
50.0000 0.0000 13.9128 0.9973 10 32.0450 0.5374 9 23.9518 0.4609 9
50.0000 10.0000 13.5415 0.8966 7 32.1522 0.6352 7 24.0764 0.4839 7
50.0000 20.0000 12.9731 0.9501 9 32.2171 0.6315 9 24.2328 0.4516 9
50.0000 30.0000 12.1073 1.2050 7 32.4733 0.7096 7 24.5991 0.4701 7
50.0000 40.0000 10.7172 1.9881 7 32.7255 0.6586 7 25.0331 0.4240 7
50.0000 50.0000 9.0550 2.1590 9 32.9526 0.5487 9 25.4784 0.2481 9
50.0000 60.0000 8.9867 2.2954 7 33.1936 0.5919 7 25.6788 0.2215 7
50.0000 70.0000 8.9971 2.0654 7 33.4921 0.5513 7 25.9160 0.2252 7
50.0000 80.0000 9.0813 1.9302 7 33.7776 0.5359 7 26.1267 0.1988 7
50.0000 90.0000 9.1822 1.9252 7 33.9231 0.5524 7 26.2236 0.2134 7
50.0000 100.0000 9.1642 1.9763 9 34.1080 0.4933 9 26.3699 0.1712 9
50.0000 120.0000 10.3529 1.9029 7 34.5811 0.5285 7 26.5452 0.1693 7
50.0000 140.0000 10.6315 1.8349 7 34.8183 0.5327 7 26.6835 0.1525 7
50.0000 160.0000 9.8455 1.4739 9 34.8347 0.4441 9 26.8365 0.1490 9
50.0000 180.0000 9.7279 1.8284 10 34.9731 0.2953 9 27.0542 0.1315 9
50.0000 200.0000 8.7344 0.9574 7 35.0451 0.2356 7 27.1909 0.1738 7
50.0000 220.0000 8.2692 1.4012 3 35.1059 0.1491 3 27.3102 0.1153 3
70.0000 0.0000 13.2572 1.1320 9 32.0617 0.7213 8 24.0459 0.4869 8
70.0000 10.0000 13.4749 1.1676 6 32.1314 0.6423 5 24.0927 0.3658 5
70.0000 20.0000 12.8529 1.3424 6 32.2656 0.5960 5 24.2917 0.2431 5
70.0000 30.0000 11.4435 1.6258 6 32.5260 0.4758 5 24.7378 0.1904 5
70.0000 40.0000 10.8666 1.9574 6 32.7140 0.5217 5 25.0689 0.3284 5
70.0000 50.0000 9.6065 1.8134 6 32.9472 0.5098 5 25.3897 0.3042 5
70.0000 60.0000 9.4988 2.0403 7 33.4736 0.4539 5 25.8851 0.1662 5
70.0000 70.0000 9.2007 2.0735 6 33.8331 0.5501 5 26.1307 0.0909 5
70.0000 80.0000 9.2230 1.9034 7 34.0742 0.5088 6 26.3154 0.1602 6
70.0000 90.0000 9.9696 2.4503 7 34.1085 0.5736 6 26.3422 0.1693 6
70.0000 100.0000 9.6287 1.8384 7 34.3006 0.5508 6 26.4292 0.1834 6
70.0000 120.0000 9.2999 -99.0000 1 -99.0000 -99.0000 0 -99.0000 -99.0000 0
70.0000 140.0000 10.5250 1.5627 2 34.5349 0.4454 2 26.4950 0.0636 2
70.0000 160.0000 10.8000 -99.0000 1 -99.0000 -99.0000 0 -99.0000 -99.0000 0
