0.0000 0.0000 5.1436 1.1172 7 32.2733 0.4041 6 25.4971 0.4247 6
0.0000 10.0000 5.0305 1.1265 6 32.3351 0.3889 6 25.5537 0.3995 6
0.0000 20.0000 4.9669 0.8530 6 32.4827 0.4323 6 25.6800 0.3995 6
0.0000 30.0000 5.0354 0.3731 6 32.6605 0.4142 6 25.8159 0.3466 6
0.0000 40.0000 5.1045 0.2428 6 32.7807 0.3095 6 25.9043 0.2599 6
0.0000 50.0000 5.1643 0.2462 6 32.8273 0.2908 6 25.9343 0.2452 6
0.0000 60.0000 5.2223 0.2842 6 32.8575 0.2934 6 25.9520 0.2470 6
0.0000 70.0000 5.2629 0.3278 6 32.8774 0.2987 6 25.9624 0.2479 6
0.0000 80.0000 5.2622 0.3346 6 32.8522 0.3031 6 25.9432 0.2503 6
0.0000 90.0000 -99.0000 -99.0000 3 -99.0000 -99.0000 3 -99.0000 -99.0000 3
0.0000 100.0000 -99.0000 -99.0000 3 -99.0000 -99.0000 2 -99.0000 -99.0000 2
10.0000 0.0000 4.5933 0.6619 10 32.4310 0.4058 10 25.6768 0.3445 10
10.0000 10.0000 4.5449 0.6055 10 32.4781 0.3823 10 25.7205 0.3100 10
10.0000 20.0000 4.6371 0.7089 10 32.6123 0.3691 10 25.8179 0.2626 10
10.0000 30.0000 4.7871 0.7107 10 32.7615 0.2968 10 25.9212 0.2009 10
10.0000 40.0000 5.0841 0.9349 10 32.9769 0.3182 10 26.0570 0.1732 10
10.0000 50.0000 5.2693 0.9920 10 33.0989 0.3162 10 26.1317 0.1579 10
10.0000 60.0000 5.4222 1.0049 10 33.1943 0.3044 10 26.1896 0.1458 10
10.0000 70.0000 5.5441 1.0212 10 33.2688 0.3045 10 26.2344 0.1434 10
10.0000 80.0000 5.6666 1.1275 10 33.3382 0.3462 10 26.2730 0.1574 10
10.0000 90.0000 5.7412 1.2779 10 33.3783 0.4035 10 26.2938 0.1754 10
10.0000 100.0000 5.6548 0.4817 7 33.3599 0.2720 7 26.2977 0.1682 7
10.0000 120.0000 -99.0000 -99.0000 1 -99.0000 -99.0000 1 -99.0000 -99.0000 1
10.0000 140.0000 -99.0000 -99.0000 1 -99.0000 -99.0000 1 -99.0000 -99.0000 1
10.0000 160.0000 -99.0000 -99.0000 1 -99.0000 -99.0000 1 -99.0000 -99.0000 1
10.0000 180.0000 -99.0000 -99.0000 1 -99.0000 -99.0000 1 -99.0000 -99.0000 1
10.0000 200.0000 -99.0000 -99.0000 1 -99.0000 -99.0000 1 -99.0000 -99.0000 1
10.0000 220.0000 -99.0000 -99.0000 1 -99.0000 -99.0000 1 -99.0000 -99.0000 1
20.0000 0.0000 3.9494 1.4611 14 32.0777 0.4333 12 25.4403 0.2372 12
20.0000 10.0000 3.9449 1.5048 14 32.1536 0.4250 12 25.4984 0.2179 12
20.0000 20.0000 4.0401 1.6268 14 32.2994 0.4453 12 25.6003 0.2165 12
20.0000 30.0000 4.1656 1.6697 14 32.4448 0.4401 12 25.7021 0.2029 12
20.0000 40.0000 4.2667 1.5790 14 32.5363 0.4315 12 25.7703 0.2046 12
20.0000 50.0000 4.5888 1.4866 14 32.6650 0.4104 12 25.8499 0.1916 12
20.0000 60.0000 4.8546 1.5329 14 32.8153 0.3976 12 25.9465 0.1827 12
20.0000 70.0000 5.1854 1.5549 14 32.9589 0.4230 12 26.0289 0.1955 12
20.0000 80.0000 5.5070 1.4873 14 33.0932 0.4096 12 26.1003 0.1857 12
20.0000 90.0000 5.7291 1.6214 14 33.2163 0.4547 12 26.1659 0.1876 12
20.0000 100.0000 6.1248 1.7736 14 33.4033 0.5099 12 26.2638 0.1964 12
20.0000 120.0000 6.8338 1.8766 14 33.7182 0.5472 12 26.4158 0.1919 12
20.0000 140.0000 7.5538 1.8720 14 34.0415 0.5841 12 26.5636 0.2038 12
20.0000 160.0000 7.9297 1.8270 12 34.2977 0.5617 12 26.7135 0.2440 12
20.0000 180.0000 8.2489 1.7127 11 34.5639 0.4966 11 26.8774 0.2202 11
20.0000 200.0000 8.3105 1.1979 9 34.8123 0.3396 9 27.0716 0.1432 9
20.0000 220.0000 -99.0000 -99.0000 3 -99.0000 -99.0000 3 -99.0000 -99.0000 3
30.0000 0.0000 4.7173 1.5311 8 31.9406 0.5040 7 25.2962 0.3155 7
30.0000 10.0000 4.7516 1.4867 8 32.2078 0.5317 8 25.4757 0.2859 8
30.0000 20.0000 5.0302 1.6461 8 32.4437 0.5919 8 25.6295 0.3048 8
30.0000 30.0000 5.3335 1.9360 8 32.6656 0.6283 8 25.7647 0.2859 8
30.0000 40.0000 5.5569 2.1980 8 32.8878 0.6605 8 25.9091 0.2647 8
30.0000 50.0000 5.9581 2.4743 8 33.1788 0.7603 8 26.0837 0.2901 8
30.0000 60.0000 6.4161 2.4398 8 33.4112 0.7678 8 26.2106 0.2886 8
30.0000 70.0000 6.8933 2.3836 8 33.6427 0.7412 8 26.3317 0.2690 8
30.0000 80.0000 7.2906 2.3405 8 33.8286 0.7276 8 26.4237 0.2551 8
30.0000 90.0000 7.6511 2.3908 8 33.9976 0.7465 8 26.5052 0.2522 8
30.0000 100.0000 8.0856 2.4523 8 34.1896 0.7619 8 26.5901 0.2472 8
30.0000 120.0000 8.6060 2.2239 8 34.4808 0.6997 8 26.7470 0.2347 8
30.0000 140.0000 8.7329 1.6930 8 34.7140 0.5392 8 26.9219 0.2090 8
30.0000 160.0000 8.6211 1.3032 8 34.8474 0.3887 8 27.0505 0.1586 8
30.0000 180.0000 8.5258 1.1346 8 34.9807 0.2196 8 27.1721 0.0782 8
30.0000 200.0000 8.2816 1.2152 8 34.9969 0.1841 8 27.2219 0.0805 8
30.0000 220.0000 8.3507 1.4075 6 35.0160 0.1915 6 27.2245 0.0947 6
30.0000 240.0000 -99.0000 -99.0000 3 -99.0000 -99.0000 3 -99.0000 -99.0000 3
40.0000 0.0000 3.8652 1.4892 12 31.8439 0.3107 12 25.2722 0.1708 12
40.0000 10.0000 3.7565 1.6407 10 31.9957 0.3569 10 25.4042 0.1654 10
40.0000 20.0000 4.0417 1.4437 12 32.1630 0.4071 12 25.5093 0.2268 12
40.0000 30.0000 4.3629 1.2658 10 32.5163 0.4068 10 25.7638 0.2188 10
40.0000 40.0000 4.8026 1.3232 10 32.8001 0.4781 10 25.9413 0.2576 10
40.0000 50.0000 4.9652 1.4792 12 32.8560 0.5548 12 25.9620 0.2959 12
40.0000 60.0000 5.4510 1.6288 10 33.1499 0.5998 10 26.1405 0.2946 10
40.0000 70.0000 5.9013 1.6695 10 33.3510 0.6045 10 26.2446 0.2862 10
40.0000 80.0000 6.3219 1.6612 10 33.5221 0.5874 10 26.3274 0.2654 10
40.0000 90.0000 6.6484 1.6738 10 33.6488 0.5815 10 26.3850 0.2533 10
40.0000 100.0000 7.1766 1.5113 10 33.8200 0.5084 10 26.4464 0.2074 10
40.0000 120.0000 8.0459 1.4888 10 34.2050 0.5045 10 26.6297 0.2058 10
40.0000 140.0000 8.6853 1.4144 10 34.5159 0.4773 10 26.7780 0.2001 10
40.0000 160.0000 8.9958 1.2436 10 34.7241 0.4188 10 26.8925 0.1694 10
40.0000 180.0000 8.7097 1.0083 10 34.8812 0.3091 10 27.0648 0.1132 10
40.0000 200.0000 8.2991 1.2349 10 34.9604 0.2084 10 27.1897 0.0724 10
40.0000 220.0000 8.4075 1.0562 8 35.0120 0.1678 8 27.2154 0.0742 8
40.0000 240.0000 8.1946 1.3769 5 34.9759 0.2013 5 27.2165 0.0775 5
50.0000 0.0000 3.6279 1.0493 7 31.6942 0.3627 7 25.1861 0.2853 7
50.0000 10.0000 3.3917 0.9801 8 31.8284 0.3956 8 25.3150 0.3173 8
50.0000 20.0000 3.3271 1.1105 8 31.9712 0.3805 8 25.4325 0.2712 8
50.0000 30.0000 3.4161 1.3016 8 32.1902 0.4369 8 25.5957 0.2601 8
50.0000 40.0000 3.7426 1.5280 8 32.5110 0.4826 8 25.8170 0.2565 8
50.0000 50.0000 4.2927 1.8354 8 32.7791 0.6076 8 25.9692 0.3107 8
50.0000 60.0000 4.8804 1.7926 8 33.0192 0.6315 8 26.0983 0.3258 8
50.0000 70.0000 5.3220 1.8285 8 33.1925 0.6287 8 26.1839 0.3152 8
50.0000 80.0000 5.8624 1.9731 8 33.4024 0.6468 8 26.2821 0.3048 8
50.0000 90.0000 6.3570 1.9466 8 33.5845 0.6396 8 26.3649 0.2970 8
50.0000 100.0000 7.0406 2.0638 8 33.8413 0.6842 8 26.4749 0.3002 8
50.0000 120.0000 8.0053 1.7852 8 34.2241 0.5937 8 26.6451 0.2444 8
50.0000 140.0000 8.5439 1.4727 8 34.4880 0.4694 8 26.7762 0.1981 8
50.0000 160.0000 8.8672 1.1956 8 34.7058 0.3357 8 26.9012 0.1543 8
50.0000 180.0000 8.9663 1.1528 8 34.8646 0.2163 8 27.0112 0.1150 8
50.0000 200.0000 8.7687 1.2633 8 34.9595 0.1602 8 27.1157 0.1069 8
50.0000 220.0000 -99.0000 -99.0000 4 -99.0000 -99.0000 4 -99.0000 -99.0000 4
70.0000 0.0000 3.1124 1.1638 6 31.6482 0.3613 6 25.1976 0.3347 6
70.0000 10.0000 2.9452 1.0474 6 31.6783 0.3613 6 25.2307 0.3175 6
70.0000 20.0000 2.6513 1.2279 6 31.7595 0.3306 6 25.3169 0.2883 6
70.0000 30.0000 2.7140 1.1796 6 31.8543 0.3348 6 25.3900 0.2943 6
70.0000 40.0000 2.7776 0.9793 6 31.9653 0.3656 6 25.4763 0.3111 6
70.0000 50.0000 3.0185 0.7323 6 32.1779 0.3740 6 25.6279 0.2910 6
70.0000 60.0000 3.3363 0.7362 6 32.4062 0.3360 6 25.7823 0.2473 6
70.0000 70.0000 3.8763 0.9883 6 32.6588 0.4050 6 25.9299 0.2651 6
70.0000 80.0000 4.3483 1.3065 6 32.8832 0.5238 6 26.0564 0.3107 6
70.0000 90.0000 4.6033 1.5163 6 32.9991 0.5905 6 26.1165 0.3333 6
70.0000 100.0000 -99.0000 -99.0000 4 -99.0000 -99.0000 4 -99.0000 -99.0000 4
