310.0000 420.0000 5.9999 0.8322 6 34.9562 0.0701 3 27.4768 0.0777 3
310.0000 440.0000 5.7143 0.7990 5 34.9516 0.0505 3 27.5039 0.0789 3
310.0000 500.0000 5.5962 0.6013 5 34.9598 0.0415 3 27.5626 0.0633 3
310.0000 600.0000 5.0482 0.5359 5 34.9548 0.0405 3 27.6296 0.0503 3
310.0000 700.0000 4.6969 0.4171 5 34.9420 0.0373 3 27.6669 0.0344 3
310.0000 800.0000 4.4365 0.2969 3 34.9389 0.0338 3 27.6903 0.0300 3
310.0000 900.0000 4.2904 0.2952 3 34.9352 0.0326 3 27.7041 0.0274 3
310.0000 1000.0000 4.1907 0.2403 3 34.9362 0.0329 3 27.7157 0.0259 3
310.0000 1100.0000 4.1086 0.1804 3 34.9370 0.0309 3 27.7250 0.0229 3
310.0000 1200.0000 4.0365 0.1394 3 34.9370 0.0258 3 27.7319 0.0166 3
310.0000 1300.0000 3.9725 0.1213 3 34.9373 0.0237 3 27.7395 0.0135 3
310.0000 1400.0000 3.9321 0.1046 3 34.9365 0.0230 3 27.7435 0.0151 3
310.0000 1500.0000 3.9856 -99.0000 1 34.9483 -99.0000 1 27.7467 -99.0000 1
310.0000 1600.0000 3.8927 -99.0000 1 34.9477 -99.0000 1 27.7559 -99.0000 1
310.0000 1700.0000 3.8029 -99.0000 1 34.9455 -99.0000 1 27.7633 -99.0000 1
310.0000 1800.0000 3.7036 -99.0000 1 34.9402 -99.0000 1 27.7693 -99.0000 1
310.0000 1900.0000 3.6196 -99.0000 1 34.9372 -99.0000 1 27.7753 -99.0000 1
310.0000 2000.0000 3.5816 -99.0000 1 34.9384 -99.0000 1 27.7801 -99.0000 1
310.0000 2100.0000 3.4952 -99.0000 1 34.9348 -99.0000 1 27.7857 -99.0000 1
310.0000 2200.0000 3.4112 -99.0000 1 34.9307 -99.0000 1 27.7907 -99.0000 1
310.0000 2300.0000 3.3507 -99.0000 1 34.9304 -99.0000 1 27.7964 -99.0000 1
310.0000 2400.0000 3.2952 -99.0000 1 34.9305 -99.0000 1 27.8019 -99.0000 1
310.0000 2500.0000 3.2324 -99.0000 1 34.9293 -99.0000 1 27.8069 -99.0000 1
310.0000 2600.0000 3.1708 -99.0000 1 34.9293 -99.0000 1 27.8127 -99.0000 1
310.0000 2700.0000 3.1122 -99.0000 1 34.9300 -99.0000 1 27.8189 -99.0000 1
310.0000 2800.0000 3.0436 -99.0000 1 34.9271 -99.0000 1 27.8230 -99.0000 1
310.0000 2900.0000 2.9649 -99.0000 1 34.9245 -99.0000 1 27.8282 -99.0000 1
310.0000 3000.0000 2.8728 -99.0000 1 34.9197 -99.0000 1 27.8328 -99.0000 1
0.0000 0.0000 14.0202 2.4003 8 30.3601 0.6710 5 22.6715 0.3650 5
0.0000 10.0000 13.2240 1.6747 7 30.3145 0.7733 5 22.7228 0.7518 5
0.0000 20.0000 12.8504 1.6078 6 30.6222 0.5077 5 22.9885 0.4109 5
0.0000 30.0000 11.4611 1.6431 8 30.7911 0.5282 5 23.3855 0.4676 5
0.0000 40.0000 8.4378 2.0621 8 31.1237 0.6570 4 23.9857 0.8487 4
0.0000 50.0000 5.8339 2.7934 8 31.7789 0.6972 5 24.8375 0.9615 5
0.0000 60.0000 4.6241 2.4813 8 32.1341 0.6722 4 25.3150 0.9493 4
0.0000 70.0000 3.9561 1.5625 7 32.6684 0.1230 5 25.9132 0.1674 5
0.0000 80.0000 4.1429 1.9603 6 32.9253 0.2035 4 26.1096 0.0769 4
0.0000 90.0000 4.5253 1.6712 6 33.1239 0.3298 4 26.2213 0.0715 4
0.0000 100.0000 4.2466 1.5922 8 33.3165 0.2977 4 26.3361 0.0559 4
0.0000 120.0000 6.0095 1.5147 10 33.8304 0.3699 6 26.5643 0.1169 6
0.0000 140.0000 6.7735 1.0910 8 33.9573 0.3616 5 26.6205 0.0891 5
0.0000 160.0000 8.2130 0.8826 6 34.4000 0.3000 3 26.7699 0.0608 3
85.0000 0.0000 14.7673 2.2413 11 31.1213 0.2522 8 22.9714 0.6893 8
85.0000 10.0000 14.7077 2.0784 8 31.2468 0.4298 5 23.0818 0.7387 5
85.0000 20.0000 14.3271 1.6174 9 31.4933 0.5992 5 23.3793 0.5756 5
85.0000 30.0000 12.6300 2.1018 10 31.8475 0.5007 6 24.0367 0.4422 6
85.0000 40.0000 9.6868 2.6875 8 31.8113 0.4572 4 24.3734 0.8124 4
85.0000 50.0000 7.1729 2.5953 10 32.4458 0.6487 6 25.2776 0.8618 6
85.0000 60.0000 5.2635 1.7544 8 32.6724 0.1201 4 25.7315 0.2830 4
85.0000 70.0000 5.3730 1.4984 9 32.9180 0.6524 6 25.9209 0.5110 6
85.0000 80.0000 5.2058 1.5085 9 33.2230 0.1758 5 26.2273 0.1116 5
85.0000 90.0000 5.7938 1.1867 6 33.4422 0.1547 4 26.3220 0.0565 4
85.0000 100.0000 6.2379 1.1223 8 33.5354 0.2355 6 26.4000 0.0802 6
85.0000 120.0000 7.1655 0.9733 6 33.9860 0.0197 2 26.5577 0.0039 2
85.0000 140.0000 7.5848 -99.0000 1 -99.0000 -99.0000 0 -99.0000 -99.0000 0
120.0000 0.0000 14.7325 2.1073 13 31.2243 0.2385 10 23.0912 0.4741 10
120.0000 10.0000 14.3056 1.8520 8 31.3322 0.1360 6 23.1985 0.5034 6
120.0000 20.0000 14.1831 1.6675 8 31.3587 0.1087 6 23.2515 0.4241 6
120.0000 30.0000 12.9744 1.5281 10 31.4303 0.3500 9 23.6377 0.4073 9
120.0000 40.0000 10.0421 1.6521 10 31.9421 0.3084 9 24.5477 0.5280 9
120.0000 50.0000 7.7635 1.8974 12 32.2377 0.3194 8 25.1205 0.5683 8
120.0000 60.0000 5.8050 1.6238 8 32.6043 0.1261 4 25.7549 0.2736 4
120.0000 70.0000 5.1608 1.1205 6 32.6712 0.2280 2 25.9100 0.3535 2
120.0000 80.0000 6.8697 1.6515 2 -99.0000 -99.0000 0 -99.0000 -99.0000 0
120.0000 90.0000 5.8050 -99.0000 1 -99.0000 -99.0000 0 -99.0000 -99.0000 0
120.0000 100.0000 6.0190 -99.0000 1 -99.0000 -99.0000 0 -99.0000 -99.0000 0
120.0000 120.0000 6.3220 -99.0000 1 -99.0000 -99.0000 0 -99.0000 -99.0000 0
120.0000 140.0000 6.5210 -99.0000 1 -99.0000 -99.0000 0 -99.0000 -99.0000 0
120.0000 160.0000 6.6380 -99.0000 1 -99.0000 -99.0000 0 -99.0000 -99.0000 0
120.0000 180.0000 6.6959 -99.0000 1 -99.0000 -99.0000 0 -99.0000 -99.0000 0
120.0000 200.0000 6.7199 -99.0000 1 -99.0000 -99.0000 0 -99.0000 -99.0000 0
120.0000 220.0000 6.7169 -99.0000 1 -99.0000 -99.0000 0 -99.0000 -99.0000 0
120.0000 240.0000 6.6999 -99.0000 1 -99.0000 -99.0000 0 -99.0000 -99.0000 0
120.0000 260.0000 6.6679 -99.0000 1 -99.0000 -99.0000 0 -99.0000 -99.0000 0
120.0000 280.0000 6.6499 -99.0000 1 -99.0000 -99.0000 0 -99.0000 -99.0000 0
165.0000 0.0000 14.3286 1.9969 9 30.9396 0.5556 8 22.9851 0.6016 8
165.0000 10.0000 14.0167 1.8948 8 31.0554 0.5455 7 23.1379 0.5622 7
165.0000 20.0000 12.9679 1.3810 8 31.0589 0.4740 6 23.3074 0.4560 6
165.0000 30.0000 11.8803 1.8468 8 31.5979 0.5619 7 23.9289 0.3744 7
165.0000 40.0000 9.9436 2.0095 9 31.6632 0.4652 7 24.3677 0.5998 7
165.0000 50.0000 7.9269 3.2680 3 32.2487 0.6216 3 25.0842 0.8756 3
165.0000 60.0000 6.5651 3.9220 3 32.1333 0.6924 2 25.0608 1.2599 2
165.0000 70.0000 5.0622 0.1527 2 -99.0000 -99.0000 0 -99.0000 -99.0000 0
165.0000 80.0000 4.9990 0.4321 2 -99.0000 -99.0000 0 -99.0000 -99.0000 0
310.0000 0.0000 14.8764 2.5593 9 32.2109 1.4492 7 23.8556 1.1282 6
310.0000 10.0000 13.9924 4.2149 10 31.8253 1.4113 6 23.4928 1.0268 6
310.0000 20.0000 13.7124 4.1268 10 31.9057 1.4079 6 23.6469 1.0237 6
310.0000 30.0000 13.5751 4.7601 10 33.2925 0.9741 6 24.5866 0.4275 6
310.0000 40.0000 10.9695 4.9791 9 33.3673 0.8441 4 25.2576 0.2894 4
310.0000 50.0000 9.0743 4.8174 10 33.8001 0.9761 6 25.7653 0.3767 6
310.0000 60.0000 7.9714 4.3908 9 33.5957 0.8439 4 25.9763 0.3252 4
310.0000 70.0000 7.9711 4.3154 9 34.1257 1.0461 5 26.1642 0.2776 5
310.0000 80.0000 8.1459 3.4397 10 34.1865 0.7628 5 26.5197 0.1567 5
310.0000 90.0000 7.9883 3.4081 8 34.1391 0.7727 4 26.5625 0.0986 4
310.0000 100.0000 9.3053 2.9176 10 34.6594 0.8292 6 26.6665 0.0968 6
310.0000 120.0000 10.1436 1.8656 9 35.0357 0.3928 3 26.7993 0.0927 3
310.0000 140.0000 10.9811 1.9202 8 35.2066 0.3495 3 26.8723 0.0886 3
310.0000 160.0000 10.8228 1.4128 9 35.3400 0.1873 4 26.9038 0.0874 4
310.0000 180.0000 10.5814 1.3638 8 35.4094 0.1064 3 26.9816 0.0786 3
310.0000 200.0000 10.1289 1.3606 9 35.2387 0.1921 4 27.0407 0.0765 4
310.0000 220.0000 9.5087 1.2909 8 35.2772 0.1226 3 27.1038 0.0980 3
310.0000 240.0000 9.1047 1.2567 7 35.2321 0.1399 3 27.1628 0.1005 3
310.0000 260.0000 8.8114 1.1972 9 35.1133 0.1619 4 27.1955 0.0863 4
310.0000 280.0000 8.2732 1.1265 8 35.1227 0.1231 3 27.2516 0.0987 3
310.0000 300.0000 7.7865 1.0838 8 35.0554 0.1293 4 27.2962 0.0835 4
310.0000 320.0000 7.3358 1.0965 8 35.0188 0.1259 4 27.3218 0.0805 4
310.0000 340.0000 7.0349 1.0770 7 35.0352 0.0865 3 27.3584 0.0897 3
310.0000 360.0000 7.0212 1.1151 7 35.0142 0.0683 3 27.3856 0.0791 3
310.0000 380.0000 6.4114 0.9784 5 34.9874 0.0654 3 27.4176 0.0791 3
310.0000 400.0000 6.2721 0.8461 7 34.9632 0.0718 3 27.4499 0.0796 3
