0.0000 0.0000 2.0636 1.3930 8 30.9113 0.2209 7 24.6981 0.2554 7
0.0000 10.0000 2.0621 1.3319 9 30.9464 0.2164 8 24.7228 0.2293 8
0.0000 20.0000 1.5965 1.1094 9 31.1324 0.2375 8 24.9037 0.2130 8
0.0000 30.0000 1.1226 0.9667 9 31.2778 0.3102 8 25.0432 0.2611 8
0.0000 40.0000 0.7688 0.9125 9 31.3943 0.2771 8 25.1550 0.2270 8
0.0000 50.0000 0.8803 0.8890 9 31.5682 0.2710 8 25.2888 0.2222 8
0.0000 60.0000 0.9766 0.8872 9 31.7661 0.2570 8 25.4428 0.2183 8
0.0000 70.0000 1.1029 0.9366 8 31.8915 0.2883 7 25.5355 0.2584 7
0.0000 80.0000 0.9730 0.7923 3 32.2930 0.0102 2 25.8745 0.0536 2
0.0000 90.0000 0.9622 0.6961 3 32.2716 0.0872 2 25.8583 0.1249 2
0.0000 100.0000 1.2028 0.8876 3 32.3842 0.0157 2 25.9281 0.0635 2
0.0000 120.0000 3.2492 1.6273 2 33.0399 -99.0000 1 26.1800 -99.0000 1
0.0000 140.0000 4.9753 -99.0000 1 -99.0000 -99.0000 0 -99.0000 -99.0000 0
0.0000 160.0000 9.2899 -99.0000 1 -99.0000 -99.0000 0 -99.0000 -99.0000 0
50.0000 0.0000 2.0704 1.3162 9 31.5085 0.1627 6 25.1699 0.1916 6
50.0000 10.0000 2.5552 1.4909 8 31.6006 0.2838 5 25.1752 0.1707 5
50.0000 20.0000 2.3476 1.5125 9 31.6880 0.2047 6 25.2664 0.1295 6
50.0000 30.0000 2.5785 1.4232 8 31.8769 0.1780 5 25.3760 0.1109 5
50.0000 40.0000 2.1691 1.1940 9 31.9651 0.1957 6 25.4990 0.1223 6
50.0000 50.0000 2.0857 0.9010 9 32.1251 0.1893 6 25.6509 0.1423 6
50.0000 60.0000 2.2483 1.0037 9 32.2755 0.1832 6 25.7651 0.1359 6
50.0000 70.0000 2.7483 0.9476 8 32.5271 0.1275 6 25.9212 0.1145 6
50.0000 80.0000 3.0089 1.0975 8 32.7401 0.2110 5 26.0310 0.1489 5
50.0000 90.0000 3.5262 1.2506 8 32.9509 0.2704 6 26.1551 0.1618 6
50.0000 100.0000 3.9979 2.2375 10 33.3903 0.3792 6 26.3301 0.1688 6
50.0000 120.0000 6.5299 1.8574 8 33.9600 0.2494 6 26.5363 0.0915 6
50.0000 140.0000 7.8305 0.8931 8 34.2410 0.1629 6 26.6523 0.0380 6
50.0000 160.0000 8.2880 0.9557 10 34.4048 0.1847 8 26.7327 0.0532 8
85.0000 0.0000 3.7692 1.2725 5 32.1322 0.1644 5 25.5205 0.1127 5
85.0000 10.0000 4.2169 0.9022 5 32.1585 0.1282 5 25.5011 0.1243 5
85.0000 20.0000 4.0503 0.9542 5 32.1750 0.1251 5 25.5295 0.1213 5
85.0000 30.0000 3.8349 1.1532 5 32.2225 0.1335 5 25.5866 0.1536 5
85.0000 40.0000 3.6612 1.2428 5 32.2916 0.1891 5 25.6568 0.1897 5
85.0000 50.0000 3.2105 1.4073 6 32.3039 0.2837 6 25.7048 0.2057 6
85.0000 60.0000 3.6444 1.4782 5 32.5389 0.2772 5 25.8513 0.2394 5
85.0000 70.0000 3.6758 1.2656 6 32.6488 0.3018 6 25.9375 0.2116 6
85.0000 80.0000 4.7038 1.2443 6 33.0670 0.2814 6 26.1670 0.1519 6
85.0000 90.0000 5.3043 1.0034 6 33.3088 0.1906 6 26.2940 0.1231 6
85.0000 100.0000 6.1001 1.1260 6 33.5876 0.2027 6 26.4101 0.0454 6
85.0000 120.0000 6.6918 1.0796 3 33.7782 0.1612 3 26.4936 0.0514 3
120.0000 0.0000 3.1810 1.5857 7 32.0763 0.1090 7 25.5205 0.1834 7
120.0000 10.0000 3.4024 1.6175 6 32.0466 0.1038 5 25.4339 0.1374 5
120.0000 20.0000 3.1000 1.5961 7 32.0659 0.1048 6 25.4883 0.1697 6
120.0000 30.0000 3.1841 1.5922 6 32.0678 0.1083 5 25.4735 0.1494 5
120.0000 40.0000 3.0058 1.5172 6 32.1481 0.0976 5 25.5607 0.1631 5
120.0000 50.0000 2.8146 1.4520 7 32.2710 0.1059 6 25.6857 0.1652 6
120.0000 60.0000 3.1094 1.6006 5 32.2814 0.0684 4 25.6509 0.1487 4
120.0000 70.0000 2.2412 -99.0000 1 -99.0000 -99.0000 0 -99.0000 -99.0000 0
165.0000 0.0000 3.4456 0.9807 8 32.3708 0.3893 7 25.7231 0.3149 7
165.0000 10.0000 3.4506 0.9470 9 32.3395 0.3741 8 25.6996 0.3066 8
165.0000 20.0000 3.2661 0.9189 9 32.3557 0.3634 8 25.7288 0.2938 8
165.0000 30.0000 3.2369 0.8854 8 32.3532 0.3561 7 25.7287 0.2707 7
165.0000 40.0000 2.8331 0.9776 9 32.4234 0.3263 8 25.8259 0.2672 8
165.0000 50.0000 2.4470 1.1434 8 32.4016 0.1663 7 25.8306 0.1828 7
165.0000 60.0000 2.6782 0.9976 7 32.4096 0.1584 7 25.8375 0.1781 7
165.0000 80.0000 0.8799 -99.0000 1 -99.0000 -99.0000 0 -99.0000 -99.0000 0
165.0000 90.0000 1.0500 -99.0000 1 -99.0000 -99.0000 0 -99.0000 -99.0000 0
310.0000 0.0000 4.4984 1.8647 15 32.5650 0.2929 9 25.8284 0.2584 9
310.0000 10.0000 4.7851 2.3311 12 32.3998 0.1562 5 25.6752 0.0286 5
310.0000 20.0000 4.8041 2.8794 12 32.4646 0.1272 5 25.7570 0.0784 5
310.0000 30.0000 4.9154 3.1409 12 32.6040 0.1096 5 25.8792 0.1245 5
310.0000 40.0000 5.0991 3.2939 12 32.7605 0.1167 5 26.0034 0.1537 5
310.0000 50.0000 5.1386 3.2239 13 32.9715 0.2120 7 26.1910 0.1852 7
310.0000 60.0000 5.4399 3.3914 13 33.1799 0.3886 7 26.3276 0.2072 7
310.0000 70.0000 6.3728 3.4103 12 33.4290 0.4071 6 26.4323 0.0983 6
310.0000 80.0000 7.2059 3.4695 11 33.7007 0.6178 5 26.5289 0.1500 5
310.0000 90.0000 8.6595 4.0990 8 33.9266 0.8515 4 26.6025 0.1309 4
310.0000 100.0000 9.0516 3.2811 11 34.3960 0.6422 7 26.7770 0.0958 7
310.0000 120.0000 9.1417 3.2770 10 34.5408 0.6522 6 26.8402 0.0511 6
310.0000 140.0000 8.8045 3.3825 12 34.5843 0.7366 8 26.8753 0.1652 8
310.0000 160.0000 9.3096 2.7942 10 34.8088 0.5029 6 27.0038 0.0989 6
310.0000 180.0000 8.9220 2.8722 7 34.7814 0.4647 5 27.0407 0.0845 5
310.0000 200.0000 7.5754 3.0610 8 34.7506 0.3122 6 27.1388 0.1276 6
310.0000 220.0000 7.8516 2.6000 6 34.7206 0.3426 5 27.1467 0.1174 5
310.0000 240.0000 7.5398 2.4006 6 34.7466 0.3154 5 27.2019 0.1277 5
310.0000 260.0000 7.5208 1.7790 7 34.8491 0.2332 6 27.2528 0.1132 6
310.0000 280.0000 7.0158 1.7495 6 34.8032 0.2187 5 27.2907 0.1067 5
310.0000 300.0000 6.8041 1.6739 6 34.8248 0.1958 5 27.3396 0.0868 5
310.0000 320.0000 6.8795 1.5496 5 34.8532 0.1885 4 27.3519 0.0684 4
310.0000 340.0000 6.2462 1.3222 4 34.8431 0.1619 4 27.3872 0.0587 4
310.0000 360.0000 6.0485 1.2740 4 34.8498 0.1523 4 27.4188 0.0503 4
310.0000 380.0000 5.8647 1.1167 4 34.8576 0.1289 4 27.4515 0.0450 4
310.0000 400.0000 5.6177 0.7851 5 34.8488 0.0934 5 27.4775 0.0318 5
310.0000 420.0000 5.5049 0.7984 4 34.8643 0.0917 4 27.5047 0.0274 4
310.0000 440.0000 5.3773 0.6327 5 34.8722 0.0728 5 27.5273 0.0288 5
310.0000 500.0000 4.9441 0.4264 7 34.8739 0.0566 7 27.5801 0.0156 7
310.0000 600.0000 4.7188 0.3183 5 34.8978 0.0415 5 27.6249 0.0144 5
310.0000 700.0000 4.5541 0.2864 4 34.9170 0.0363 4 27.6599 0.0136 4
310.0000 800.0000 4.3929 0.1863 6 34.9222 0.0220 6 27.6823 0.0072 6
310.0000 900.0000 4.2530 0.2068 4 34.9242 0.0211 4 27.6989 0.0054 4
310.0000 1000.0000 4.1803 0.1472 5 34.9276 0.0157 5 27.7081 0.0056 5
310.0000 1100.0000 4.0900 0.1796 4 34.9312 0.0165 4 27.7214 0.0065 4
310.0000 1200.0000 4.0095 0.1658 4 34.9283 0.0159 4 27.7275 0.0073 4
310.0000 1300.0000 3.9464 0.1458 4 34.9275 0.0151 4 27.7345 0.0066 4
310.0000 1400.0000 3.9473 0.0972 3 34.9298 0.0171 3 27.7371 0.0062 3
310.0000 1500.0000 3.8262 0.1412 4 34.9247 0.0168 4 27.7448 0.0056 4
310.0000 1600.0000 3.8470 0.0100 2 34.9386 0.0122 2 27.7547 0.0067 2
310.0000 1700.0000 3.7819 -99.0000 1 34.9454 -99.0000 1 27.7654 -99.0000 1
310.0000 1800.0000 3.7170 -99.0000 1 34.9435 -99.0000 1 27.7705 -99.0000 1
310.0000 1900.0000 3.4848 0.1765 2 34.9251 0.0214 2 27.7794 0.0008 2
310.0000 2000.0000 3.5785 -99.0000 1 34.9388 -99.0000 1 27.7807 -99.0000 1
310.0000 2100.0000 3.5020 -99.0000 1 34.9374 -99.0000 1 27.7872 -99.0000 1
310.0000 2200.0000 3.4085 -99.0000 1 34.9359 -99.0000 1 27.7952 -99.0000 1
310.0000 2300.0000 3.3294 -99.0000 1 34.9350 -99.0000 1 27.8021 -99.0000 1
310.0000 2400.0000 3.2735 -99.0000 1 34.9351 -99.0000 1 27.8076 -99.0000 1
310.0000 2500.0000 3.2201 -99.0000 1 34.9356 -99.0000 1 27.8131 -99.0000 1
310.0000 2600.0000 3.1421 -99.0000 1 34.9330 -99.0000 1 27.8184 -99.0000 1
310.0000 2700.0000 3.0349 -99.0000 1 34.9283 -99.0000 1 27.8247 -99.0000 1
310.0000 2800.0000 2.9489 -99.0000 1 34.9269 -99.0000 1 27.8315 -99.0000 1
310.0000 2900.0000 2.8642 -99.0000 1 34.9234 -99.0000 1 27.8365 -99.0000 1
310.0000 3000.0000 2.7543 -99.0000 1 34.9186 -99.0000 1 27.8426 -99.0000 1
